********************************************************************************
STREME - Sensitive, Thorough, Rapid, Enriched Motif Elicitation
********************************************************************************
MEME version 5.5.0 (Release date: Wed Sep 7 14:18:26 2022 -0700)

For further information on how to interpret these results please access https://meme-suite.org/meme.
To get a copy of the MEME Suite software please access https://meme-suite.org.

********************************************************************************


********************************************************************************
REFERENCE
********************************************************************************
If you use this program in your research, please cite:

Timothy L. Bailey,
"STREME: accurate and versatile sequence motif discovery",
Bioinformatics, Mar. 24, 2021.
********************************************************************************


ALPHABET= ACDEFGHIKLMNPQRSTVWY

strands: +

Background letter frequencies
A 0.0965 C 0.00567 D 0.0809 E 0.0528 F 0.031 G 0.0639 H 0.0148 I 0.051 K 0.0443 L 0.0839 M 0.0268 N 0.05 P 0.0484 Q 0.0487 R 0.0268 S 0.0712 T 0.0719 V 0.0851 W 0.0103 Y 0.0361 

MOTIF 1-DFFTQLGSDAALLEAYK STREME-1
letter-probability matrix: alength= 20 w= 17 nsites= 180 E= 2.1e-004
 0.006255 0.000005 0.499620 0.117226 0.000028 0.012392 0.000013 0.000046 0.185057 0.000076 0.000024 0.012380 0.000044 0.098720 0.024693 0.018566 0.024734 0.000077 0.000009 0.000033
 0.074094 0.000005 0.000073 0.000048 0.684592 0.000058 0.000013 0.000046 0.000040 0.178926 0.018526 0.000045 0.000044 0.000044 0.000024 0.000064 0.000065 0.043248 0.000009 0.000033
 0.006255 0.000005 0.000073 0.000048 0.407066 0.000058 0.000013 0.030882 0.000040 0.203595 0.333056 0.012380 0.000044 0.000044 0.000024 0.000064 0.000065 0.006244 0.000009 0.000033
 0.030924 0.000005 0.000073 0.172731 0.000028 0.000058 0.006181 0.086388 0.043211 0.000076 0.006192 0.006213 0.000044 0.111055 0.104867 0.006232 0.419438 0.006244 0.000009 0.000033
 0.012422 0.000005 0.166589 0.074055 0.000028 0.000058 0.000013 0.000046 0.314570 0.024745 0.000024 0.030882 0.000044 0.314574 0.043195 0.000064 0.018567 0.000077 0.000009 0.000033
 0.000087 0.006172 0.000073 0.000048 0.000028 0.000058 0.000013 0.061719 0.000040 0.906661 0.012359 0.000045 0.000044 0.000044 0.000024 0.000064 0.000065 0.012412 0.000009 0.000033
 0.283781 0.000005 0.006241 0.000048 0.000028 0.505772 0.000013 0.000046 0.000040 0.024745 0.000024 0.030882 0.000044 0.000044 0.000024 0.129577 0.000065 0.006244 0.000009 0.012367
 0.006255 0.000005 0.000073 0.061720 0.000028 0.012392 0.000013 0.018548 0.006207 0.215930 0.006192 0.000045 0.000044 0.240567 0.006192 0.265256 0.160414 0.000077 0.000009 0.000033
 0.000087 0.000005 0.746310 0.006215 0.000028 0.000058 0.000013 0.000046 0.049378 0.000076 0.000024 0.117223 0.000044 0.012379 0.024693 0.037068 0.006232 0.000077 0.000009 0.000033
 0.579809 0.000005 0.000073 0.000048 0.000028 0.000058 0.000013 0.000046 0.000040 0.006243 0.000024 0.000045 0.277570 0.000044 0.006192 0.086406 0.030901 0.012412 0.000009 0.000033
 0.259112 0.000005 0.092582 0.104891 0.000028 0.018560 0.006181 0.000046 0.203559 0.043247 0.000024 0.018547 0.000044 0.166560 0.030861 0.018566 0.037069 0.000077 0.000009 0.000033
 0.086429 0.000005 0.000073 0.000048 0.055533 0.006225 0.000013 0.006213 0.006207 0.795651 0.006192 0.000045 0.000044 0.000044 0.012359 0.006232 0.006232 0.012412 0.000009 0.000033
 0.166603 0.006172 0.000073 0.012382 0.006195 0.000058 0.006181 0.000046 0.086382 0.320773 0.246714 0.030882 0.000044 0.043215 0.030861 0.018566 0.000065 0.018579 0.000009 0.006200
 0.154269 0.000005 0.080247 0.407086 0.000028 0.000058 0.018515 0.000046 0.049378 0.000076 0.000024 0.012380 0.000044 0.160393 0.043195 0.049402 0.018567 0.006244 0.000009 0.000033
 0.400958 0.000005 0.086415 0.259072 0.000028 0.006225 0.000013 0.000046 0.049378 0.006243 0.000024 0.012380 0.000044 0.006211 0.037028 0.086406 0.030901 0.018579 0.000009 0.000033
 0.000087 0.000005 0.000073 0.000048 0.080202 0.000058 0.000013 0.000046 0.000040 0.000076 0.000024 0.000045 0.000044 0.000044 0.000024 0.012399 0.000065 0.000077 0.012344 0.894283
 0.024756 0.000005 0.012408 0.104891 0.000028 0.006225 0.000013 0.018548 0.437915 0.074083 0.012359 0.000045 0.000044 0.172727 0.111035 0.006232 0.000065 0.018579 0.000009 0.000033

MOTIF 2-GLTDEEIAAV STREME-2
letter-probability matrix: alength= 20 w= 10 nsites= 192 E= 2.8e-004
 0.005961 0.000005 0.023579 0.017677 0.023536 0.793487 0.000013 0.000044 0.000038 0.000072 0.000023 0.000043 0.000042 0.029428 0.005900 0.005939 0.000062 0.000074 0.088168 0.005908
 0.000083 0.000005 0.000070 0.000046 0.000027 0.000055 0.000013 0.023553 0.000038 0.822891 0.005900 0.000043 0.000042 0.000042 0.000023 0.088221 0.023571 0.035337 0.000009 0.000031
 0.023592 0.000005 0.000070 0.023555 0.000027 0.000055 0.000013 0.000044 0.017670 0.000072 0.000023 0.023552 0.000042 0.000042 0.000023 0.399716 0.511385 0.000074 0.000009 0.000031
 0.082365 0.000005 0.628938 0.141100 0.000027 0.011810 0.000013 0.000044 0.029425 0.000072 0.000023 0.005920 0.041183 0.029428 0.000023 0.017693 0.005939 0.005951 0.000009 0.000031
 0.052979 0.000005 0.158756 0.546632 0.000027 0.000055 0.000013 0.000044 0.041179 0.017704 0.000023 0.058816 0.011796 0.052938 0.005900 0.023571 0.000062 0.029460 0.000009 0.000031
 0.005961 0.000005 0.023579 0.946287 0.000027 0.000055 0.000013 0.000044 0.000038 0.000072 0.000023 0.000043 0.023551 0.000042 0.000023 0.000061 0.000062 0.000074 0.000009 0.000031
 0.035347 0.000005 0.000070 0.000046 0.000027 0.005932 0.000013 0.505490 0.135216 0.000072 0.005900 0.076448 0.000042 0.064692 0.117569 0.035325 0.005939 0.011828 0.000009 0.000031
 0.276315 0.000005 0.076474 0.105837 0.017659 0.000055 0.000013 0.000044 0.158725 0.000072 0.005900 0.088202 0.000042 0.141097 0.023532 0.064711 0.029448 0.011828 0.000009 0.000031
 0.775883 0.000005 0.000070 0.000046 0.000027 0.005932 0.000013 0.000044 0.017670 0.035336 0.000023 0.000043 0.000042 0.005919 0.029409 0.011816 0.041203 0.076478 0.000009 0.000031
 0.017715 0.000005 0.000070 0.000046 0.000027 0.011810 0.000013 0.070571 0.000038 0.229286 0.105814 0.000043 0.000042 0.000042 0.000023 0.000061 0.000062 0.564292 0.000009 0.000031

MOTIF 3-MSGDMEKJKSL STREME-3
letter-probability matrix: alength= 20 w= 11 nsites= 135 E= 1.6e-003
 0.008512 0.000007 0.000100 0.000065 0.000038 0.000079 0.000018 0.025242 0.000055 0.268679 0.671473 0.000062 0.000060 0.000060 0.016819 0.000088 0.008482 0.000105 0.000013 0.000044
 0.084049 0.000007 0.000100 0.033637 0.000038 0.075616 0.000018 0.000063 0.000055 0.000103 0.000033 0.008455 0.000060 0.000060 0.008426 0.554026 0.209914 0.025284 0.000013 0.000044
 0.008512 0.025186 0.000100 0.000065 0.000038 0.805807 0.000018 0.000063 0.159522 0.000103 0.000033 0.000062 0.000060 0.000060 0.000033 0.000088 0.000089 0.000105 0.000013 0.000044
 0.000119 0.000007 0.906544 0.016851 0.000038 0.000079 0.000018 0.000063 0.000055 0.000103 0.067177 0.008455 0.000060 0.000060 0.000033 0.000088 0.000089 0.000105 0.000013 0.000044
 0.042084 0.000007 0.025279 0.058816 0.000038 0.000079 0.000018 0.042028 0.235059 0.075640 0.268609 0.016848 0.000060 0.025239 0.000033 0.025267 0.058840 0.000105 0.000013 0.125939
 0.209944 0.000007 0.084030 0.243462 0.000038 0.084009 0.000018 0.000063 0.125950 0.000103 0.000033 0.025241 0.008453 0.025239 0.050391 0.075625 0.067233 0.000105 0.000013 0.000044
 0.226730 0.000007 0.025279 0.008458 0.000038 0.000079 0.000018 0.000063 0.486848 0.033675 0.000033 0.000062 0.000060 0.117562 0.058784 0.033660 0.000089 0.008498 0.000013 0.000044
 0.000119 0.000007 0.000100 0.000065 0.000038 0.000079 0.000018 0.310604 0.000055 0.436539 0.000033 0.000062 0.000060 0.067204 0.000033 0.000088 0.000089 0.159572 0.000013 0.025223
 0.033691 0.016793 0.033672 0.067209 0.000038 0.000079 0.008411 0.000063 0.637922 0.000103 0.000033 0.000062 0.000060 0.016846 0.067177 0.100804 0.016875 0.000105 0.000013 0.000044
 0.109228 0.000007 0.025279 0.008458 0.000038 0.008472 0.000018 0.016849 0.142736 0.067247 0.000033 0.033634 0.000060 0.092383 0.083963 0.285450 0.058840 0.067249 0.000013 0.000044
 0.000119 0.000007 0.000100 0.000065 0.000038 0.000079 0.025197 0.025242 0.000055 0.889761 0.033605 0.000062 0.000060 0.000060 0.000033 0.008481 0.000089 0.016891 0.000013 0.000044

MOTIF 4-MSKL STREME-4
letter-probability matrix: alength= 20 w= 4 nsites= 121 E= 1.6e-003
 0.000159 0.000009 0.000134 0.000087 0.000051 0.000106 0.000024 0.000084 0.000073 0.000139 0.998392 0.000083 0.000080 0.000081 0.000044 0.000118 0.000119 0.000141 0.000017 0.000060
 0.000159 0.000009 0.157576 0.000087 0.000051 0.000106 0.000024 0.000084 0.000073 0.000139 0.000044 0.000083 0.000080 0.000081 0.000044 0.841023 0.000119 0.000141 0.000017 0.000060
 0.196463 0.000009 0.000134 0.000087 0.000051 0.000106 0.000024 0.000084 0.561225 0.027108 0.000044 0.146530 0.000080 0.000081 0.011290 0.000118 0.056348 0.000141 0.000017 0.000060
 0.000159 0.000009 0.000134 0.000087 0.101264 0.000106 0.000024 0.000084 0.022565 0.841044 0.000044 0.000083 0.000080 0.022572 0.000044 0.011363 0.000119 0.000141 0.000017 0.000060

MOTIF 5-DPEAV STREME-5
letter-probability matrix: alength= 20 w= 5 nsites= 156 E= 5.6e-002
 0.000096 0.000006 0.786721 0.013574 0.000031 0.000063 0.000015 0.006812 0.000044 0.000083 0.000027 0.155552 0.000048 0.000048 0.000027 0.016368 0.006832 0.000085 0.006771 0.006797
 0.000096 0.000006 0.000080 0.000052 0.000031 0.000063 0.000015 0.000051 0.000044 0.000083 0.000027 0.000050 0.999055 0.000048 0.000027 0.000071 0.000071 0.000085 0.000010 0.000036
 0.036531 0.000006 0.027124 0.536681 0.000031 0.006824 0.000015 0.047378 0.027088 0.000083 0.000027 0.000050 0.006809 0.067658 0.094681 0.006832 0.000071 0.142065 0.000010 0.000036
 0.394925 0.000006 0.006841 0.013574 0.000031 0.270177 0.000015 0.006812 0.020327 0.020366 0.000027 0.148791 0.013570 0.020331 0.000027 0.027115 0.040637 0.016382 0.000010 0.000036
 0.006857 0.000006 0.006841 0.000052 0.013553 0.000063 0.000015 0.020334 0.000044 0.000083 0.000027 0.000050 0.020331 0.006809 0.000027 0.000071 0.027115 0.897676 0.000010 0.000036

MOTIF 6-LISHGB STREME-6
letter-probability matrix: alength= 20 w= 6 nsites= 63 E= 1.1e-001
 0.000262 0.000015 0.000219 0.000143 0.000084 0.000173 0.000040 0.037075 0.000120 0.702022 0.000073 0.000136 0.000131 0.000132 0.000073 0.000193 0.000195 0.258787 0.000028 0.000098
 0.018730 0.000015 0.000219 0.000143 0.000084 0.000173 0.000040 0.664996 0.000120 0.000228 0.000073 0.000136 0.000131 0.000132 0.000073 0.000193 0.000195 0.314192 0.000028 0.000098
 0.018730 0.000015 0.000219 0.000143 0.000084 0.000173 0.000040 0.000139 0.000120 0.000228 0.000073 0.314096 0.000131 0.000132 0.000073 0.665051 0.000195 0.000231 0.000028 0.000098
 0.000262 0.000015 0.000219 0.000143 0.000084 0.000173 0.978858 0.000139 0.000120 0.000228 0.000073 0.000136 0.000131 0.000132 0.000073 0.018661 0.000195 0.000231 0.000028 0.000098
 0.000262 0.000015 0.000219 0.000143 0.000084 0.554221 0.000040 0.000139 0.443358 0.000228 0.000073 0.000136 0.000131 0.000132 0.000073 0.000193 0.000195 0.000231 0.000028 0.000098
 0.000262 0.000015 0.332648 0.000143 0.000084 0.000173 0.000040 0.000139 0.000120 0.000228 0.000073 0.664993 0.000131 0.000132 0.000073 0.000193 0.000195 0.000231 0.000028 0.000098

MOTIF 7-TYQGKPLP STREME-7
letter-probability matrix: alength= 20 w= 8 nsites= 85 E= 2.1e-001
 0.088622 0.000011 0.000150 0.000098 0.000058 0.353891 0.101105 0.000095 0.025352 0.000156 0.000050 0.025362 0.000090 0.012725 0.000050 0.025402 0.366541 0.000158 0.000019 0.000067
 0.000179 0.000011 0.012785 0.000098 0.063231 0.000119 0.000027 0.037999 0.000082 0.000156 0.075858 0.000093 0.000090 0.000091 0.000050 0.000132 0.000133 0.000158 0.000019 0.808690
 0.000179 0.000011 0.075959 0.025367 0.000058 0.000119 0.000027 0.050634 0.227507 0.000156 0.000050 0.037997 0.000090 0.328593 0.037954 0.038036 0.012768 0.164409 0.000019 0.000067
 0.341317 0.000011 0.012785 0.050637 0.000058 0.467603 0.000027 0.000095 0.025352 0.000156 0.000050 0.088536 0.000090 0.012725 0.000050 0.000132 0.000133 0.000158 0.000019 0.000067
 0.126526 0.000011 0.000150 0.000098 0.000058 0.000119 0.012662 0.000095 0.492837 0.000156 0.000050 0.000093 0.000090 0.113803 0.240110 0.012767 0.000133 0.000158 0.000019 0.000067
 0.000179 0.025280 0.050689 0.012733 0.000058 0.000119 0.000027 0.000095 0.000082 0.000156 0.341187 0.000093 0.353862 0.000091 0.000050 0.000132 0.075942 0.139140 0.000019 0.000067
 0.000179 0.000011 0.000150 0.000098 0.025327 0.000119 0.000027 0.012729 0.000082 0.960395 0.000050 0.000093 0.000090 0.000091 0.000050 0.000132 0.000133 0.000158 0.000019 0.000067
 0.000179 0.000011 0.000150 0.000098 0.000058 0.000119 0.000027 0.000095 0.000082 0.000156 0.000050 0.000093 0.985599 0.000091 0.000050 0.012767 0.000133 0.000158 0.000019 0.000067

MOTIF 8-AWPGTYYC STREME-8
letter-probability matrix: alength= 20 w= 8 nsites= 52 E= 2.1e-001
 0.778045 0.000020 0.000289 0.000189 0.000111 0.000228 0.000053 0.000182 0.000158 0.000300 0.000096 0.000178 0.024476 0.000174 0.000096 0.000254 0.194682 0.000304 0.000037 0.000129
 0.073254 0.000020 0.000289 0.000189 0.145930 0.000228 0.000053 0.000182 0.000158 0.000300 0.000096 0.000178 0.000173 0.000174 0.000096 0.000254 0.000257 0.000304 0.486100 0.291767
 0.048951 0.000020 0.000289 0.048795 0.000111 0.000228 0.000053 0.024485 0.000158 0.000300 0.000096 0.170300 0.583448 0.000174 0.000096 0.073164 0.000257 0.048910 0.000037 0.000129
 0.024648 0.000020 0.000289 0.000189 0.000111 0.850838 0.000053 0.000182 0.073068 0.000300 0.000096 0.000178 0.048779 0.000174 0.000096 0.000254 0.000257 0.000304 0.000037 0.000129
 0.000344 0.000020 0.000289 0.000189 0.000111 0.000228 0.000053 0.000182 0.073068 0.073209 0.000096 0.000178 0.000173 0.000174 0.000096 0.048860 0.753654 0.048910 0.000037 0.000129
 0.000344 0.000020 0.000289 0.000189 0.073020 0.000228 0.000053 0.000182 0.000158 0.000300 0.000096 0.000178 0.048779 0.000174 0.000096 0.000254 0.000257 0.000304 0.000037 0.875042
 0.000344 0.000020 0.000289 0.000189 0.024414 0.000228 0.000053 0.000182 0.000158 0.000300 0.000096 0.145997 0.000173 0.000174 0.000096 0.000254 0.000257 0.000304 0.000037 0.826436
 0.000344 0.753418 0.000289 0.000189 0.000111 0.000228 0.000053 0.024485 0.000158 0.219028 0.000096 0.000178 0.000173 0.000174 0.000096 0.000254 0.000257 0.000304 0.000037 0.000129

MOTIF 9-AQSYQBPQLPWYAVAYDMAYGALFTVQLAM STREME-9
letter-probability matrix: alength= 20 w= 30 nsites= 40 E= 8.4e-001
 0.918432 0.000032 0.000455 0.000297 0.000174 0.000359 0.000083 0.000287 0.000249 0.000471 0.000151 0.000281 0.000272 0.000274 0.000151 0.000400 0.000404 0.076969 0.000058 0.000203
 0.000542 0.000032 0.000455 0.000297 0.000174 0.000359 0.000083 0.000287 0.000249 0.000471 0.000151 0.000281 0.000272 0.994654 0.000151 0.000400 0.000404 0.000478 0.000058 0.000203
 0.000542 0.000032 0.038700 0.000297 0.000174 0.000359 0.000083 0.000287 0.000249 0.000471 0.000151 0.000281 0.382726 0.000274 0.000151 0.574081 0.000404 0.000478 0.000058 0.000203
 0.000542 0.000032 0.000455 0.000297 0.000174 0.000359 0.000083 0.000287 0.000249 0.000471 0.000151 0.000281 0.000272 0.000274 0.000151 0.000400 0.000404 0.000478 0.000058 0.994583
 0.115278 0.000032 0.000455 0.000297 0.000174 0.000359 0.000083 0.000287 0.000249 0.000471 0.000151 0.000281 0.000272 0.841673 0.000151 0.038645 0.000404 0.000478 0.000058 0.000203
 0.000542 0.000032 0.306418 0.000297 0.000174 0.038604 0.000083 0.000287 0.000249 0.000471 0.000151 0.459226 0.000272 0.076765 0.000151 0.038645 0.000404 0.076969 0.000058 0.000203
 0.000542 0.000032 0.000455 0.000297 0.000174 0.000359 0.000083 0.000287 0.000249 0.000471 0.000151 0.000281 0.994652 0.000274 0.000151 0.000400 0.000404 0.000478 0.000058 0.000203
 0.038788 0.000032 0.000455 0.000297 0.000174 0.000359 0.000083 0.000287 0.038494 0.000471 0.000151 0.038526 0.076763 0.459219 0.000151 0.076891 0.268122 0.000478 0.000058 0.000203
 0.000542 0.000032 0.000455 0.000297 0.000174 0.000359 0.000083 0.229759 0.000249 0.688889 0.038396 0.000281 0.000272 0.000274 0.000151 0.000400 0.000404 0.038724 0.000058 0.000203
 0.077033 0.000032 0.000455 0.000297 0.000174 0.000359 0.000083 0.000287 0.000249 0.000471 0.000151 0.000281 0.918162 0.000274 0.000151 0.000400 0.000404 0.000478 0.000058 0.000203
 0.000542 0.000032 0.000455 0.000297 0.000174 0.000359 0.000083 0.000287 0.000249 0.000471 0.000151 0.000281 0.000272 0.000274 0.000151 0.000400 0.000404 0.000478 0.994438 0.000203
 0.000542 0.000032 0.000455 0.000297 0.000174 0.000359 0.000083 0.000287 0.000249 0.000471 0.000151 0.000281 0.000272 0.000274 0.000151 0.000400 0.000404 0.000478 0.382512 0.612129
 0.688959 0.000032 0.000455 0.000297 0.000174 0.000359 0.000083 0.115023 0.000249 0.000471 0.076642 0.000281 0.000272 0.000274 0.000151 0.038645 0.000404 0.076969 0.000058 0.000203
 0.191769 0.000032 0.000455 0.000297 0.000174 0.000359 0.000083 0.038532 0.000249 0.038717 0.000151 0.000281 0.000272 0.000274 0.000151 0.076891 0.000404 0.650650 0.000058 0.000203
 0.765450 0.000032 0.000455 0.000297 0.000174 0.000359 0.000083 0.000287 0.000249 0.191698 0.000151 0.000281 0.000272 0.000274 0.000151 0.038645 0.000404 0.000478 0.000058 0.000203
 0.000542 0.000032 0.000455 0.000297 0.000174 0.000359 0.000083 0.000287 0.000249 0.000471 0.000151 0.000281 0.000272 0.000274 0.000151 0.000400 0.000404 0.000478 0.000058 0.994583
 0.000542 0.000032 0.956589 0.000297 0.000174 0.000359 0.000083 0.000287 0.000249 0.000471 0.000151 0.038526 0.000272 0.000274 0.000151 0.000400 0.000404 0.000478 0.000058 0.000203
 0.000542 0.000032 0.000455 0.000297 0.000174 0.000359 0.000083 0.000287 0.000249 0.382925 0.612077 0.000281 0.000272 0.000274 0.000151 0.000400 0.000404 0.000478 0.000058 0.000203
 0.765450 0.000032 0.000455 0.000297 0.000174 0.000359 0.000083 0.000287 0.000249 0.000471 0.000151 0.000281 0.000272 0.000274 0.000151 0.000400 0.000404 0.229951 0.000058 0.000203
 0.000542 0.000032 0.000455 0.000297 0.114911 0.000359 0.000083 0.000287 0.000249 0.000471 0.000151 0.000281 0.000272 0.000274 0.000151 0.000400 0.000404 0.000478 0.000058 0.879847
 0.000542 0.000032 0.000455 0.000297 0.000174 0.650531 0.000083 0.076778 0.000249 0.000471 0.000151 0.000281 0.000272 0.000274 0.000151 0.000400 0.191631 0.076969 0.000058 0.000203
 0.803695 0.000032 0.000455 0.000297 0.000174 0.076850 0.000083 0.000287 0.000249 0.000471 0.000151 0.000281 0.000272 0.000274 0.000151 0.076891 0.000404 0.038724 0.000058 0.000203
 0.000542 0.000032 0.000455 0.000297 0.420874 0.000359 0.000083 0.000287 0.000249 0.421171 0.000151 0.000281 0.000272 0.000274 0.000151 0.000400 0.000404 0.000478 0.000058 0.153184
 0.000542 0.000032 0.000455 0.076787 0.612101 0.000359 0.000083 0.000287 0.000249 0.115208 0.000151 0.000281 0.000272 0.076765 0.038396 0.000400 0.076895 0.000478 0.000058 0.000203
 0.077033 0.000032 0.000455 0.000297 0.000174 0.191586 0.000083 0.000287 0.000249 0.000471 0.000151 0.000281 0.000272 0.000274 0.000151 0.038645 0.688821 0.000478 0.000058 0.000203
 0.038788 0.000032 0.000455 0.000297 0.000174 0.000359 0.000083 0.115023 0.000249 0.000471 0.000151 0.000281 0.000272 0.000274 0.000151 0.000400 0.000404 0.841877 0.000058 0.000203
 0.000542 0.000032 0.000455 0.000297 0.000174 0.000359 0.000083 0.000287 0.000249 0.000471 0.000151 0.076772 0.000272 0.918163 0.000151 0.000400 0.000404 0.000478 0.000058 0.000203
 0.000542 0.000032 0.000455 0.000297 0.000174 0.000359 0.000083 0.229759 0.000249 0.727134 0.000151 0.000281 0.000272 0.000274 0.000151 0.000400 0.000404 0.038724 0.000058 0.000203
 0.803695 0.000032 0.000455 0.000297 0.000174 0.000359 0.000083 0.038532 0.000249 0.038717 0.000151 0.000281 0.000272 0.000274 0.000151 0.000400 0.000404 0.038724 0.000058 0.076694
 0.000542 0.000032 0.000455 0.000297 0.000174 0.000359 0.000083 0.000287 0.000249 0.000471 0.994531 0.000281 0.000272 0.000274 0.000151 0.000400 0.000404 0.000478 0.000058 0.000203

MOTIF 10-TGFIRDLTWEGKPDVITWAFVGTYBGQQFI STREME-10
letter-probability matrix: alength= 20 w= 30 nsites= 30 E= 8.4e-001
 0.043815 0.000036 0.000513 0.000335 0.000197 0.000405 0.000094 0.000324 0.000281 0.000533 0.000170 0.043519 0.000307 0.000309 0.000170 0.043654 0.864502 0.000540 0.000065 0.000229
 0.389433 0.000036 0.000513 0.000335 0.000197 0.605237 0.000094 0.000324 0.000281 0.000533 0.000170 0.000317 0.000307 0.000309 0.000170 0.000452 0.000456 0.000540 0.000065 0.000229
 0.000612 0.000036 0.000513 0.000335 0.432220 0.000405 0.000094 0.086729 0.000281 0.043735 0.000170 0.000317 0.000307 0.000309 0.000170 0.000452 0.086861 0.346158 0.000065 0.000229
 0.000612 0.000036 0.000513 0.000335 0.000197 0.000405 0.000094 0.648358 0.000281 0.173342 0.000170 0.000317 0.129914 0.000309 0.000170 0.000452 0.000456 0.000540 0.000065 0.043431
 0.000612 0.000036 0.000513 0.000335 0.000197 0.000405 0.000094 0.000324 0.000281 0.000533 0.000170 0.000317 0.000307 0.000309 0.993822 0.000452 0.000456 0.000540 0.000065 0.000229
 0.000612 0.000036 0.734952 0.043537 0.000197 0.000405 0.000094 0.000324 0.000281 0.000533 0.000170 0.129924 0.000307 0.000309 0.000170 0.086856 0.000456 0.000540 0.000065 0.000229
 0.000612 0.000036 0.000513 0.000335 0.043399 0.000405 0.000094 0.000324 0.000281 0.950982 0.000170 0.000317 0.000307 0.000309 0.000170 0.000452 0.000456 0.000540 0.000065 0.000229
 0.216624 0.000036 0.000513 0.000335 0.000197 0.000405 0.000094 0.000324 0.000281 0.000533 0.043373 0.000317 0.000307 0.000309 0.000170 0.173261 0.562086 0.000540 0.000065 0.000229
 0.000612 0.000036 0.000513 0.000335 0.000197 0.000405 0.000094 0.000324 0.000281 0.000533 0.000170 0.000317 0.000307 0.000309 0.000170 0.000452 0.000456 0.000540 0.993717 0.000229
 0.000612 0.000036 0.000513 0.993987 0.000197 0.000405 0.000094 0.000324 0.000281 0.000533 0.000170 0.000317 0.000307 0.000309 0.000170 0.000452 0.000456 0.000540 0.000065 0.000229
 0.000612 0.000036 0.000513 0.000335 0.000197 0.907653 0.000094 0.000324 0.000281 0.000533 0.000170 0.000317 0.000307 0.000309 0.086575 0.000452 0.000456 0.000540 0.000065 0.000229
 0.000612 0.000036 0.000513 0.043537 0.000197 0.000405 0.129701 0.000324 0.648315 0.000533 0.000170 0.000317 0.000307 0.129916 0.000170 0.043654 0.000456 0.000540 0.000065 0.000229
 0.000612 0.000036 0.000513 0.000335 0.000197 0.000405 0.000094 0.000324 0.000281 0.000533 0.000170 0.000317 0.950757 0.000309 0.000170 0.043654 0.000456 0.000540 0.000065 0.000229
 0.000612 0.000036 0.778154 0.086740 0.000197 0.000405 0.000094 0.000324 0.000281 0.000533 0.000170 0.000317 0.043510 0.000309 0.000170 0.086856 0.000456 0.000540 0.000065 0.000229
 0.000612 0.000036 0.000513 0.129942 0.000197 0.000405 0.000094 0.000324 0.000281 0.000533 0.000170 0.000317 0.000307 0.129916 0.000170 0.043654 0.259670 0.432563 0.000065 0.000229
 0.000612 0.000036 0.000513 0.000335 0.043399 0.000405 0.000094 0.691560 0.000281 0.086937 0.000170 0.086722 0.000307 0.000309 0.000170 0.000452 0.000456 0.086945 0.000065 0.000229
 0.173421 0.000036 0.000513 0.000335 0.000197 0.043608 0.000094 0.000324 0.000281 0.000533 0.000170 0.000317 0.000307 0.000309 0.000170 0.000452 0.648490 0.130147 0.000065 0.000229
 0.000612 0.000036 0.000513 0.000335 0.000197 0.000405 0.000094 0.000324 0.000281 0.130139 0.216182 0.000317 0.000307 0.000309 0.000170 0.000452 0.000456 0.000540 0.648099 0.000229
 0.648646 0.345654 0.000513 0.000335 0.000197 0.000405 0.000094 0.000324 0.000281 0.000533 0.000170 0.000317 0.000307 0.000309 0.000170 0.000452 0.000456 0.000540 0.000065 0.000229
 0.000612 0.000036 0.000513 0.000335 0.821040 0.000405 0.000094 0.000324 0.000281 0.043735 0.000170 0.000317 0.000307 0.000309 0.000170 0.000452 0.000456 0.000540 0.129672 0.000229
 0.000612 0.000036 0.000513 0.000335 0.000197 0.000405 0.000094 0.000324 0.000281 0.043735 0.000170 0.000317 0.000307 0.000309 0.000170 0.130059 0.086861 0.734979 0.000065 0.000229
 0.000612 0.000036 0.000513 0.000335 0.000197 0.994057 0.000094 0.000324 0.000281 0.000533 0.000170 0.000317 0.000307 0.000309 0.000170 0.000452 0.000456 0.000540 0.000065 0.000229
 0.000612 0.000036 0.000513 0.000335 0.000197 0.000405 0.000094 0.000324 0.129888 0.000533 0.000170 0.000317 0.000307 0.000309 0.000170 0.043654 0.821299 0.000540 0.000065 0.000229
 0.000612 0.129643 0.000513 0.000335 0.000197 0.000405 0.043296 0.000324 0.043483 0.130139 0.000170 0.086722 0.000307 0.000309 0.000170 0.000452 0.000456 0.000540 0.000065 0.561858
 0.087017 0.000036 0.475738 0.000335 0.000197 0.000405 0.000094 0.000324 0.000281 0.000533 0.000170 0.432340 0.000307 0.000309 0.000170 0.000452 0.000456 0.000540 0.000065 0.000229
 0.000612 0.000036 0.000513 0.000335 0.000197 0.994057 0.000094 0.000324 0.000281 0.000533 0.000170 0.000317 0.000307 0.000309 0.000170 0.000452 0.000456 0.000540 0.000065 0.000229
 0.087017 0.000036 0.000513 0.000335 0.000197 0.000405 0.000094 0.000324 0.000281 0.000533 0.000170 0.129924 0.000307 0.691546 0.000170 0.043654 0.043659 0.000540 0.000065 0.000229
 0.000612 0.000036 0.043716 0.000335 0.000197 0.000405 0.000094 0.000324 0.000281 0.000533 0.000170 0.000317 0.000307 0.648343 0.000170 0.173261 0.043659 0.086945 0.000065 0.000229
 0.000612 0.000036 0.000513 0.000335 0.864242 0.000405 0.000094 0.000324 0.000281 0.130139 0.000170 0.000317 0.000307 0.000309 0.000170 0.000452 0.000456 0.000540 0.000065 0.000229
 0.000612 0.000036 0.000513 0.000335 0.000197 0.000405 0.000094 0.907571 0.000281 0.000533 0.000170 0.000317 0.000307 0.000309 0.000170 0.000452 0.043659 0.043743 0.000065 0.000229

MOTIF 11-ANSGWAFYQSYISQPFTPTALZFNELVSN STREME-11
letter-probability matrix: alength= 20 w= 29 nsites= 40 E= 8.4e-001
 0.583738 0.137264 0.000408 0.000266 0.000156 0.034631 0.000075 0.000257 0.000223 0.000423 0.000135 0.000252 0.000244 0.000246 0.000135 0.171903 0.068980 0.000429 0.000052 0.000182
 0.000486 0.000029 0.000408 0.103193 0.000156 0.000322 0.000075 0.000257 0.000223 0.000423 0.000135 0.514886 0.000244 0.343335 0.000135 0.000359 0.034671 0.000429 0.000052 0.000182
 0.309267 0.000029 0.000408 0.000266 0.000156 0.000322 0.000075 0.000257 0.000223 0.000423 0.000135 0.034561 0.000244 0.171790 0.000135 0.377757 0.103289 0.000429 0.000052 0.000182
 0.377884 0.000029 0.000408 0.000266 0.000156 0.514956 0.000075 0.000257 0.000223 0.000423 0.000135 0.000252 0.000244 0.000246 0.000135 0.034668 0.000362 0.069047 0.000052 0.000182
 0.000486 0.000029 0.000408 0.000266 0.103083 0.000322 0.000075 0.000257 0.000223 0.069041 0.000135 0.000252 0.000244 0.000246 0.000135 0.000359 0.000362 0.000429 0.823466 0.000182
 0.618047 0.000029 0.034717 0.000266 0.000156 0.000322 0.000075 0.000257 0.000223 0.000423 0.000135 0.171797 0.000244 0.000246 0.000135 0.171903 0.000362 0.000429 0.000052 0.000182
 0.000486 0.000029 0.000408 0.000266 0.892188 0.000322 0.000075 0.000257 0.000223 0.069041 0.000135 0.000252 0.000244 0.000246 0.000135 0.000359 0.000362 0.000429 0.000052 0.034491
 0.000486 0.000029 0.000408 0.000266 0.000156 0.000322 0.000075 0.000257 0.000223 0.000423 0.000135 0.000252 0.000244 0.000246 0.000135 0.000359 0.000362 0.000429 0.000052 0.995141
 0.000486 0.000029 0.000408 0.000266 0.000156 0.000322 0.000075 0.000257 0.240386 0.034732 0.000135 0.000252 0.000244 0.583497 0.137371 0.000359 0.000362 0.000429 0.000052 0.000182
 0.000486 0.000029 0.000408 0.000266 0.000156 0.000322 0.000075 0.034566 0.000223 0.000423 0.068753 0.171797 0.000244 0.206099 0.000135 0.446375 0.068980 0.000429 0.000052 0.000182
 0.000486 0.000029 0.000408 0.000266 0.343246 0.000322 0.000075 0.034566 0.000223 0.034732 0.000135 0.000252 0.000244 0.000246 0.000135 0.000359 0.171907 0.034738 0.000052 0.377580
 0.034795 0.000029 0.000408 0.000266 0.034465 0.000322 0.000075 0.377655 0.034532 0.000423 0.103062 0.000252 0.000244 0.000246 0.000135 0.034668 0.068980 0.309209 0.000052 0.000182
 0.240649 0.000029 0.000408 0.000266 0.000156 0.000322 0.000075 0.000257 0.000223 0.000423 0.000135 0.000252 0.000244 0.000246 0.000135 0.755155 0.000362 0.000429 0.000052 0.000182
 0.000486 0.000029 0.034717 0.034575 0.000156 0.000322 0.000075 0.000257 0.000223 0.000423 0.000135 0.034561 0.000244 0.892278 0.000135 0.000359 0.000362 0.000429 0.000052 0.000182
 0.000486 0.000029 0.000408 0.000266 0.000156 0.000322 0.000075 0.000257 0.000223 0.000423 0.000135 0.000252 0.995203 0.000246 0.000135 0.000359 0.000362 0.000429 0.000052 0.000182
 0.000486 0.000029 0.000408 0.000266 0.514790 0.000322 0.000075 0.000257 0.000223 0.000423 0.000135 0.000252 0.000244 0.000246 0.000135 0.000359 0.000362 0.000429 0.000052 0.480507
 0.172031 0.000029 0.000408 0.000266 0.000156 0.034631 0.000075 0.000257 0.000223 0.000423 0.000135 0.034561 0.000244 0.000246 0.000135 0.240521 0.514996 0.000429 0.000052 0.000182
 0.000486 0.000029 0.000408 0.000266 0.000156 0.000322 0.000075 0.000257 0.000223 0.000423 0.000135 0.000252 0.995203 0.000246 0.000135 0.000359 0.000362 0.000429 0.000052 0.000182
 0.034795 0.000029 0.000408 0.068884 0.000156 0.000322 0.000075 0.103184 0.000223 0.137659 0.000135 0.034561 0.000244 0.000246 0.000135 0.000359 0.617923 0.000429 0.000052 0.000182
 0.858209 0.000029 0.000408 0.000266 0.000156 0.000322 0.000075 0.000257 0.000223 0.000423 0.000135 0.000252 0.000244 0.000246 0.000135 0.137594 0.000362 0.000429 0.000052 0.000182
 0.000486 0.000029 0.000408 0.000266 0.000156 0.000322 0.000075 0.000257 0.000223 0.995382 0.000135 0.000252 0.000244 0.000246 0.000135 0.000359 0.000362 0.000429 0.000052 0.000182
 0.000486 0.000029 0.034717 0.377664 0.000156 0.000322 0.000075 0.000257 0.000223 0.000423 0.000135 0.137488 0.000244 0.446262 0.000135 0.000359 0.000362 0.000429 0.000052 0.000182
 0.000486 0.000029 0.000408 0.000266 0.960806 0.000322 0.000075 0.034566 0.000223 0.000423 0.000135 0.000252 0.000244 0.000246 0.000135 0.000359 0.000362 0.000429 0.000052 0.000182
 0.000486 0.102955 0.000408 0.000266 0.034465 0.034631 0.000075 0.000257 0.000223 0.000423 0.000135 0.446268 0.000244 0.000246 0.000135 0.309139 0.068980 0.000429 0.000052 0.000182
 0.172031 0.000029 0.000408 0.789371 0.000156 0.000322 0.000075 0.000257 0.000223 0.034732 0.000135 0.000252 0.000244 0.000246 0.000135 0.000359 0.000362 0.000429 0.000052 0.000182
 0.000486 0.000029 0.000408 0.000266 0.034465 0.000322 0.000075 0.171802 0.000223 0.755219 0.000135 0.000252 0.000244 0.000246 0.000135 0.000359 0.000362 0.034738 0.000052 0.000182
 0.000486 0.000029 0.000408 0.000266 0.068774 0.000322 0.000075 0.034566 0.000223 0.240585 0.000135 0.000252 0.000244 0.000246 0.000135 0.000359 0.000362 0.617990 0.000052 0.034491
 0.000486 0.000029 0.000408 0.171811 0.000156 0.000322 0.000075 0.068875 0.000223 0.240585 0.000135 0.000252 0.000244 0.000246 0.000135 0.377757 0.068980 0.034738 0.000052 0.034491
 0.000486 0.000029 0.343497 0.206120 0.000156 0.034631 0.000075 0.000257 0.000223 0.000423 0.000135 0.377650 0.000244 0.000246 0.000135 0.000359 0.034671 0.000429 0.000052 0.000182

MOTIF 12-TJSTILQTKNTKADNAAANWR STREME-12
letter-probability matrix: alength= 20 w= 21 nsites= 39 E= 8.4e-001
 0.000486 0.000029 0.000408 0.000266 0.000156 0.000322 0.000075 0.000257 0.000223 0.240585 0.000135 0.103179 0.000244 0.000246 0.000135 0.000359 0.514996 0.137665 0.000052 0.000182
 0.034795 0.000029 0.000408 0.000266 0.000156 0.000322 0.000075 0.549200 0.000223 0.343512 0.000135 0.000252 0.000244 0.000246 0.000135 0.000359 0.000362 0.069047 0.000052 0.000182
 0.274958 0.000029 0.000408 0.000266 0.000156 0.000322 0.000075 0.000257 0.000223 0.000423 0.000135 0.000252 0.000244 0.000246 0.000135 0.652228 0.068980 0.000429 0.000052 0.000182
 0.000486 0.000029 0.000408 0.000266 0.000156 0.068940 0.000075 0.000257 0.000223 0.000423 0.034444 0.103179 0.000244 0.000246 0.000135 0.137594 0.652232 0.000429 0.000052 0.000182
 0.000486 0.000029 0.000408 0.000266 0.000156 0.000322 0.000075 0.411964 0.000223 0.377821 0.000135 0.000252 0.000244 0.000246 0.000135 0.000359 0.000362 0.206283 0.000052 0.000182
 0.000486 0.000029 0.000408 0.000266 0.000156 0.000322 0.000075 0.000257 0.000223 0.892455 0.034444 0.000252 0.000244 0.000246 0.000135 0.000359 0.000362 0.069047 0.000052 0.000182
 0.034795 0.000029 0.000408 0.000266 0.000156 0.034631 0.000075 0.000257 0.000223 0.000423 0.343224 0.000252 0.000244 0.480571 0.000135 0.103286 0.000362 0.000429 0.000052 0.000182
 0.000486 0.000029 0.000408 0.000266 0.000156 0.000322 0.000075 0.034566 0.000223 0.034732 0.000135 0.000252 0.000244 0.000246 0.000135 0.000359 0.926703 0.000429 0.000052 0.000182
 0.103413 0.000029 0.000408 0.000266 0.000156 0.377720 0.000075 0.000257 0.411930 0.000423 0.000135 0.000252 0.034553 0.034555 0.000135 0.034668 0.000362 0.000429 0.000052 0.000182
 0.000486 0.000029 0.034717 0.000266 0.000156 0.000322 0.000075 0.000257 0.000223 0.000423 0.000135 0.960902 0.000244 0.000246 0.000135 0.000359 0.000362 0.000429 0.000052 0.000182
 0.274958 0.000029 0.034717 0.000266 0.000156 0.000322 0.000075 0.000257 0.000223 0.000423 0.000135 0.000252 0.034553 0.000246 0.000135 0.206212 0.446378 0.000429 0.000052 0.000182
 0.206340 0.000029 0.171952 0.000266 0.000156 0.000322 0.000075 0.000257 0.343312 0.000423 0.000135 0.000252 0.000244 0.171790 0.000135 0.000359 0.068980 0.034738 0.000052 0.000182
 0.858209 0.000029 0.000408 0.137502 0.000156 0.000322 0.000075 0.000257 0.000223 0.000423 0.000135 0.000252 0.000244 0.000246 0.000135 0.000359 0.000362 0.000429 0.000052 0.000182
 0.000486 0.000029 0.961058 0.000266 0.000156 0.000322 0.000075 0.000257 0.000223 0.000423 0.000135 0.000252 0.000244 0.034555 0.000135 0.000359 0.000362 0.000429 0.000052 0.000182
 0.000486 0.000029 0.000408 0.000266 0.000156 0.000322 0.000075 0.000257 0.103150 0.000423 0.000135 0.549195 0.000244 0.034555 0.000135 0.137594 0.171907 0.000429 0.000052 0.000182
 0.412193 0.000029 0.343497 0.206120 0.000156 0.000322 0.000075 0.000257 0.000223 0.000423 0.000135 0.000252 0.000244 0.000246 0.000135 0.000359 0.034671 0.000429 0.000052 0.000182
 0.583738 0.000029 0.000408 0.000266 0.000156 0.000322 0.000075 0.000257 0.000223 0.240585 0.000135 0.000252 0.000244 0.171790 0.000135 0.000359 0.000362 0.000429 0.000052 0.000182
 0.446502 0.000029 0.000408 0.000266 0.000156 0.000322 0.000075 0.000257 0.137459 0.000423 0.000135 0.103179 0.000244 0.274717 0.000135 0.034668 0.000362 0.000429 0.000052 0.000182
 0.137722 0.000029 0.034717 0.034575 0.000156 0.034631 0.000075 0.000257 0.000223 0.000423 0.000135 0.617812 0.000244 0.000246 0.000135 0.137594 0.000362 0.000429 0.000052 0.000182
 0.000486 0.000029 0.000408 0.000266 0.000156 0.000322 0.000075 0.000257 0.000223 0.000423 0.000135 0.000252 0.000244 0.000246 0.000135 0.000359 0.000362 0.000429 0.995011 0.000182
 0.000486 0.000029 0.000408 0.000266 0.000156 0.000322 0.000075 0.000257 0.034532 0.000423 0.000135 0.068870 0.000244 0.034555 0.823549 0.000359 0.034671 0.000429 0.000052 0.000182

MOTIF 13-VDIDVDVDVDIDIDIDVDVD STREME-13
letter-probability matrix: alength= 20 w= 20 nsites= 47 E= 8.4e-001
 0.008770 0.000516 0.007352 0.004799 0.002822 0.005805 0.001345 0.004640 0.004024 0.007626 0.002438 0.004543 0.004403 0.004432 0.002435 0.006470 0.006536 0.916830 0.000935 0.003280
 0.008770 0.000516 0.916443 0.004799 0.002822 0.005805 0.001345 0.004640 0.004024 0.007626 0.002438 0.004543 0.004403 0.004432 0.002435 0.006470 0.006536 0.007739 0.000935 0.003280
 0.008770 0.000516 0.007352 0.004799 0.002822 0.005805 0.001345 0.913731 0.004024 0.007626 0.002438 0.004543 0.004403 0.004432 0.002435 0.006470 0.006536 0.007739 0.000935 0.003280
 0.008770 0.000516 0.916443 0.004799 0.002822 0.005805 0.001345 0.004640 0.004024 0.007626 0.002438 0.004543 0.004403 0.004432 0.002435 0.006470 0.006536 0.007739 0.000935 0.003280
 0.008770 0.000516 0.007352 0.004799 0.002822 0.005805 0.001345 0.004640 0.004024 0.007626 0.002438 0.004543 0.004403 0.004432 0.002435 0.006470 0.006536 0.916830 0.000935 0.003280
 0.008770 0.000516 0.916443 0.004799 0.002822 0.005805 0.001345 0.004640 0.004024 0.007626 0.002438 0.004543 0.004403 0.004432 0.002435 0.006470 0.006536 0.007739 0.000935 0.003280
 0.008770 0.000516 0.007352 0.004799 0.002822 0.005805 0.001345 0.004640 0.004024 0.007626 0.002438 0.004543 0.004403 0.004432 0.002435 0.006470 0.006536 0.916830 0.000935 0.003280
 0.008770 0.000516 0.916443 0.004799 0.002822 0.005805 0.001345 0.004640 0.004024 0.007626 0.002438 0.004543 0.004403 0.004432 0.002435 0.006470 0.006536 0.007739 0.000935 0.003280
 0.008770 0.000516 0.007352 0.004799 0.002822 0.005805 0.001345 0.004640 0.004024 0.007626 0.002438 0.004543 0.004403 0.004432 0.002435 0.006470 0.006536 0.916830 0.000935 0.003280
 0.008770 0.000516 0.916443 0.004799 0.002822 0.005805 0.001345 0.004640 0.004024 0.007626 0.002438 0.004543 0.004403 0.004432 0.002435 0.006470 0.006536 0.007739 0.000935 0.003280
 0.008770 0.000516 0.007352 0.004799 0.002822 0.005805 0.001345 0.913731 0.004024 0.007626 0.002438 0.004543 0.004403 0.004432 0.002435 0.006470 0.006536 0.007739 0.000935 0.003280
 0.008770 0.000516 0.916443 0.004799 0.002822 0.005805 0.001345 0.004640 0.004024 0.007626 0.002438 0.004543 0.004403 0.004432 0.002435 0.006470 0.006536 0.007739 0.000935 0.003280
 0.008770 0.000516 0.007352 0.004799 0.002822 0.005805 0.001345 0.913731 0.004024 0.007626 0.002438 0.004543 0.004403 0.004432 0.002435 0.006470 0.006536 0.007739 0.000935 0.003280
 0.008770 0.000516 0.916443 0.004799 0.002822 0.005805 0.001345 0.004640 0.004024 0.007626 0.002438 0.004543 0.004403 0.004432 0.002435 0.006470 0.006536 0.007739 0.000935 0.003280
 0.008770 0.000516 0.007352 0.004799 0.002822 0.005805 0.001345 0.913731 0.004024 0.007626 0.002438 0.004543 0.004403 0.004432 0.002435 0.006470 0.006536 0.007739 0.000935 0.003280
 0.008770 0.000516 0.916443 0.004799 0.002822 0.005805 0.001345 0.004640 0.004024 0.007626 0.002438 0.004543 0.004403 0.004432 0.002435 0.006470 0.006536 0.007739 0.000935 0.003280
 0.008770 0.000516 0.007352 0.004799 0.002822 0.005805 0.001345 0.004640 0.004024 0.007626 0.002438 0.004543 0.004403 0.004432 0.002435 0.006470 0.006536 0.916830 0.000935 0.003280
 0.008770 0.000516 0.916443 0.004799 0.002822 0.005805 0.001345 0.004640 0.004024 0.007626 0.002438 0.004543 0.004403 0.004432 0.002435 0.006470 0.006536 0.007739 0.000935 0.003280
 0.008770 0.000516 0.007352 0.004799 0.002822 0.005805 0.001345 0.004640 0.004024 0.007626 0.002438 0.004543 0.004403 0.004432 0.002435 0.006470 0.006536 0.916830 0.000935 0.003280
 0.008770 0.000516 0.916443 0.004799 0.002822 0.005805 0.001345 0.004640 0.004024 0.007626 0.002438 0.004543 0.004403 0.004432 0.002435 0.006470 0.006536 0.007739 0.000935 0.003280

MOTIF 14-NLQPRQSTGLGLLVNYMLND STREME-14
letter-probability matrix: alength= 20 w= 20 nsites= 40 E= 8.4e-001
 0.000428 0.000025 0.151202 0.000234 0.000138 0.000283 0.000066 0.000226 0.000196 0.000372 0.000119 0.754439 0.000215 0.000216 0.000119 0.090822 0.000319 0.000377 0.000046 0.000160
 0.000428 0.000025 0.000359 0.090740 0.000138 0.000283 0.000066 0.000226 0.000196 0.633915 0.090625 0.000222 0.000215 0.151060 0.000119 0.030484 0.000319 0.000377 0.000046 0.000160
 0.302115 0.000025 0.000359 0.000234 0.000138 0.000283 0.000066 0.000226 0.000196 0.000372 0.000119 0.030390 0.000215 0.603590 0.000119 0.060653 0.000319 0.000377 0.000046 0.000160
 0.000428 0.000025 0.000359 0.000234 0.000138 0.000283 0.000066 0.000226 0.000196 0.000372 0.000119 0.000222 0.995782 0.000216 0.000119 0.000315 0.000319 0.000377 0.000046 0.000160
 0.030596 0.000025 0.000359 0.000234 0.000138 0.000283 0.000066 0.000226 0.000196 0.000372 0.000119 0.000222 0.000215 0.392409 0.482818 0.090822 0.000319 0.000377 0.000046 0.000160
 0.000428 0.000025 0.000359 0.060571 0.000138 0.000283 0.000066 0.000226 0.000196 0.000372 0.000119 0.000222 0.000215 0.875108 0.000119 0.030484 0.000319 0.030546 0.000046 0.000160
 0.302115 0.000025 0.000359 0.000234 0.000138 0.000283 0.000066 0.000226 0.000196 0.000372 0.000119 0.000222 0.000215 0.000216 0.000119 0.513183 0.181331 0.000377 0.000046 0.000160
 0.090934 0.000025 0.000359 0.000234 0.000138 0.000283 0.000066 0.000226 0.000196 0.000372 0.000119 0.000222 0.000215 0.000216 0.000119 0.332171 0.573524 0.000377 0.000046 0.000160
 0.060765 0.000025 0.000359 0.000234 0.000138 0.694163 0.000066 0.000226 0.000196 0.000372 0.000119 0.000222 0.151058 0.000216 0.000119 0.090822 0.000319 0.000377 0.000046 0.000160
 0.000428 0.000025 0.000359 0.000234 0.000138 0.000283 0.000066 0.000226 0.000196 0.483071 0.000119 0.000222 0.000215 0.000216 0.000119 0.000315 0.151162 0.362402 0.000046 0.000160
 0.000428 0.000025 0.000359 0.000234 0.000138 0.995850 0.000066 0.000226 0.000196 0.000372 0.000119 0.000222 0.000215 0.000216 0.000119 0.000315 0.000319 0.000377 0.000046 0.000160
 0.000428 0.000025 0.000359 0.000234 0.000138 0.000283 0.000066 0.000226 0.000196 0.452902 0.181131 0.000222 0.000215 0.000216 0.000119 0.000315 0.000319 0.362402 0.000046 0.000160
 0.000428 0.000025 0.000359 0.000234 0.000138 0.000283 0.000066 0.000226 0.000196 0.995939 0.000119 0.000222 0.000215 0.000216 0.000119 0.000315 0.000319 0.000377 0.000046 0.000160
 0.000428 0.000025 0.000359 0.000234 0.000138 0.000283 0.000066 0.120901 0.000196 0.000372 0.120794 0.000222 0.000215 0.000216 0.000119 0.000315 0.000319 0.754595 0.000046 0.000160
 0.000428 0.000025 0.060696 0.000234 0.000138 0.000283 0.000066 0.000226 0.000196 0.000372 0.000119 0.905282 0.000215 0.000216 0.000119 0.030484 0.000319 0.000377 0.000046 0.000160
 0.000428 0.000025 0.000359 0.000234 0.000138 0.000283 0.000066 0.000226 0.000196 0.000372 0.000119 0.000222 0.000215 0.000216 0.000119 0.060653 0.000319 0.000377 0.000046 0.935390
 0.000428 0.000025 0.000359 0.000234 0.000138 0.000283 0.000066 0.000226 0.000196 0.060709 0.935349 0.000222 0.000215 0.000216 0.000119 0.000315 0.000319 0.000377 0.000046 0.000160
 0.000428 0.000025 0.000359 0.120909 0.060475 0.000283 0.000066 0.000226 0.000196 0.784758 0.000119 0.000222 0.000215 0.000216 0.000119 0.000315 0.000319 0.030546 0.000046 0.000160
 0.000428 0.000025 0.000359 0.000234 0.000138 0.000283 0.000066 0.000226 0.000196 0.000372 0.000119 0.694102 0.000215 0.301903 0.000119 0.000315 0.000319 0.000377 0.000046 0.000160
 0.000428 0.000025 0.513226 0.151078 0.000138 0.090789 0.000066 0.000226 0.000196 0.000372 0.000119 0.000222 0.181227 0.000216 0.000119 0.000315 0.060656 0.000377 0.000046 0.000160

MOTIF 15-VIVRQSDQFPLLVQVANA STREME-15
letter-probability matrix: alength= 20 w= 18 nsites= 35 E= 8.4e-001
 0.000522 0.000031 0.000438 0.000286 0.000168 0.000346 0.000080 0.000276 0.000240 0.000454 0.000145 0.000270 0.000262 0.000264 0.000145 0.110895 0.000389 0.884538 0.000056 0.000195
 0.000522 0.000031 0.000438 0.000286 0.184351 0.000346 0.000080 0.589661 0.000240 0.037291 0.147491 0.000270 0.000262 0.000264 0.000145 0.000385 0.000389 0.037297 0.000056 0.000195
 0.295215 0.000031 0.000438 0.000286 0.000168 0.000346 0.000080 0.000276 0.000240 0.000454 0.000145 0.000270 0.000262 0.000264 0.000145 0.000385 0.184572 0.516173 0.000056 0.000195
 0.000522 0.000031 0.000438 0.000286 0.000168 0.000346 0.000080 0.000276 0.000240 0.000454 0.000145 0.000270 0.000262 0.037100 0.957896 0.000385 0.000389 0.000461 0.000056 0.000195
 0.037359 0.000031 0.000438 0.110795 0.000168 0.000346 0.000080 0.000276 0.000240 0.000454 0.000145 0.000270 0.000262 0.773832 0.000145 0.074058 0.000389 0.000461 0.000056 0.000195
 0.037359 0.000031 0.074111 0.110795 0.000168 0.000346 0.000080 0.000276 0.000240 0.000454 0.000145 0.037107 0.000262 0.000264 0.000145 0.589770 0.147735 0.000461 0.000056 0.000195
 0.000522 0.000031 0.921352 0.000286 0.000168 0.000346 0.000080 0.000276 0.000240 0.000454 0.000145 0.073944 0.000262 0.000264 0.000145 0.000385 0.000389 0.000461 0.000056 0.000195
 0.000522 0.000031 0.074111 0.184469 0.000168 0.110855 0.000080 0.000276 0.000240 0.000454 0.000145 0.000270 0.000262 0.626486 0.000145 0.000385 0.000389 0.000461 0.000056 0.000195
 0.000522 0.000031 0.000438 0.000286 0.884246 0.000346 0.000080 0.000276 0.000240 0.037291 0.073818 0.000270 0.000262 0.000264 0.000145 0.000385 0.000389 0.000461 0.000056 0.000195
 0.000522 0.000031 0.000438 0.000286 0.000168 0.000346 0.000080 0.000276 0.000240 0.000454 0.000145 0.000270 0.994849 0.000264 0.000145 0.000385 0.000389 0.000461 0.000056 0.000195
 0.000522 0.000031 0.000438 0.000286 0.000168 0.000346 0.000080 0.000276 0.000240 0.663512 0.000145 0.000270 0.000262 0.000264 0.000145 0.000385 0.000389 0.331990 0.000056 0.000195
 0.147868 0.000031 0.000438 0.000286 0.000168 0.074019 0.000080 0.000276 0.221259 0.479329 0.000145 0.000270 0.000262 0.073937 0.000145 0.000385 0.000389 0.000461 0.000056 0.000195
 0.000522 0.000031 0.000438 0.000286 0.000168 0.000346 0.000080 0.000276 0.000240 0.258310 0.000145 0.073944 0.000262 0.000264 0.000145 0.037222 0.000389 0.626682 0.000056 0.000195
 0.184705 0.000031 0.000438 0.000286 0.073841 0.000346 0.000080 0.000276 0.000240 0.000454 0.000145 0.000270 0.000262 0.442303 0.000145 0.037222 0.000389 0.037297 0.221075 0.000195
 0.000522 0.000031 0.000438 0.000286 0.000168 0.000346 0.000080 0.000276 0.000240 0.000454 0.000145 0.000270 0.000262 0.000264 0.000145 0.000385 0.000389 0.995048 0.000056 0.000195
 0.553071 0.000031 0.000438 0.000286 0.000168 0.000346 0.000080 0.000276 0.000240 0.000454 0.000145 0.000270 0.294955 0.000264 0.000145 0.037222 0.074062 0.037297 0.000056 0.000195
 0.037359 0.000031 0.074111 0.147632 0.000168 0.110855 0.000080 0.000276 0.000240 0.000454 0.000145 0.552819 0.000262 0.000264 0.000145 0.074058 0.000389 0.000461 0.000056 0.000195
 0.516234 0.000031 0.000438 0.037122 0.037005 0.000346 0.000080 0.258132 0.000240 0.110964 0.000145 0.000270 0.000262 0.000264 0.000145 0.037222 0.000389 0.000461 0.000056 0.000195

MOTIF 16-DAAINLLGTVANGMQWLA STREME-16
letter-probability matrix: alength= 20 w= 18 nsites= 31 E= 8.4e-001
 0.000670 0.000039 0.946325 0.000367 0.000216 0.000444 0.000103 0.000355 0.000308 0.000583 0.000186 0.047635 0.000337 0.000339 0.000186 0.000495 0.000500 0.000592 0.000071 0.000251
 0.709993 0.000039 0.000562 0.000367 0.000216 0.000444 0.000103 0.000355 0.000308 0.000583 0.283915 0.000347 0.000337 0.000339 0.000186 0.000495 0.000500 0.000592 0.000071 0.000251
 0.993722 0.000039 0.000562 0.000367 0.000216 0.000444 0.000103 0.000355 0.000308 0.000583 0.000186 0.000347 0.000337 0.000339 0.000186 0.000495 0.000500 0.000592 0.000071 0.000251
 0.000670 0.000039 0.000562 0.000367 0.000216 0.000444 0.000103 0.756965 0.000308 0.000583 0.000186 0.000347 0.000337 0.000339 0.000186 0.000495 0.000500 0.237032 0.000071 0.000251
 0.000670 0.000039 0.047850 0.000367 0.000216 0.000444 0.094679 0.000355 0.000308 0.000583 0.000186 0.662382 0.000337 0.047627 0.000186 0.000495 0.142364 0.000592 0.000071 0.000251
 0.000670 0.000039 0.000562 0.000367 0.000216 0.000444 0.000103 0.094931 0.000308 0.709905 0.000186 0.000347 0.000337 0.000339 0.000186 0.000495 0.000500 0.189744 0.000071 0.000251
 0.000670 0.000039 0.000562 0.000367 0.000216 0.000444 0.000103 0.000355 0.000308 0.899058 0.094763 0.000347 0.000337 0.000339 0.000186 0.000495 0.000500 0.000592 0.000071 0.000251
 0.142535 0.000039 0.000562 0.000367 0.000216 0.567902 0.000103 0.000355 0.142172 0.000583 0.000186 0.000347 0.000337 0.000339 0.000186 0.142359 0.000500 0.000592 0.000071 0.000251
 0.331687 0.000039 0.000562 0.000367 0.000216 0.189596 0.000103 0.000355 0.000308 0.000583 0.000186 0.000347 0.000337 0.000339 0.000186 0.000495 0.473381 0.000592 0.000071 0.000251
 0.000670 0.000039 0.000562 0.000367 0.000216 0.000444 0.000103 0.378660 0.000308 0.000583 0.000186 0.000347 0.000337 0.000339 0.000186 0.000495 0.000500 0.615338 0.000071 0.000251
 0.568128 0.000039 0.000562 0.000367 0.000216 0.000444 0.000103 0.000355 0.094884 0.000583 0.000186 0.000347 0.331354 0.000339 0.000186 0.000495 0.000500 0.000592 0.000071 0.000251
 0.000670 0.000039 0.000562 0.000367 0.000216 0.331461 0.000103 0.000355 0.000308 0.000583 0.000186 0.662382 0.000337 0.000339 0.000186 0.000495 0.000500 0.000592 0.000071 0.000251
 0.000670 0.000039 0.000562 0.000367 0.000216 0.993495 0.000103 0.000355 0.000308 0.000583 0.000186 0.000347 0.000337 0.000339 0.000186 0.000495 0.000500 0.000592 0.000071 0.000251
 0.000670 0.000039 0.000562 0.000367 0.000216 0.000444 0.000103 0.189507 0.000308 0.237024 0.567644 0.000347 0.000337 0.000339 0.000186 0.000495 0.000500 0.000592 0.000071 0.000251
 0.000670 0.000039 0.000562 0.000367 0.000216 0.047732 0.000103 0.000355 0.094884 0.000583 0.000186 0.000347 0.000337 0.804238 0.000186 0.047783 0.000500 0.000592 0.000071 0.000251
 0.000670 0.000039 0.000562 0.000367 0.000216 0.000444 0.000103 0.000355 0.000308 0.000583 0.000186 0.000347 0.000337 0.000339 0.000186 0.095071 0.000500 0.000592 0.709394 0.189403
 0.000670 0.000039 0.000562 0.000367 0.000216 0.000444 0.000103 0.000355 0.000308 0.993634 0.000186 0.000347 0.000337 0.000339 0.000186 0.000495 0.000500 0.000592 0.000071 0.000251
 0.851857 0.000039 0.000562 0.000367 0.000216 0.000444 0.000103 0.000355 0.000308 0.000583 0.000186 0.000347 0.000337 0.000339 0.000186 0.095071 0.000500 0.047880 0.000071 0.000251

MOTIF 17-GNWIMTKALPTLVEGA STREME-17
letter-probability matrix: alength= 20 w= 16 nsites= 33 E= 8.4e-001
 0.000522 0.000031 0.000438 0.000286 0.000168 0.994933 0.000080 0.000276 0.000240 0.000454 0.000145 0.000270 0.000262 0.000264 0.000145 0.000385 0.000389 0.000461 0.000056 0.000195
 0.000522 0.000031 0.000438 0.000286 0.000168 0.037182 0.000080 0.000276 0.000240 0.000454 0.000145 0.884348 0.000262 0.037100 0.000145 0.037222 0.000389 0.000461 0.000056 0.000195
 0.000522 0.000031 0.000438 0.000286 0.000168 0.000346 0.000080 0.000276 0.000240 0.000454 0.000145 0.000270 0.000262 0.000264 0.000145 0.000385 0.000389 0.000461 0.994643 0.000195
 0.000522 0.000031 0.000438 0.000286 0.000168 0.000346 0.000080 0.921190 0.000240 0.037291 0.000145 0.000270 0.000262 0.000264 0.000145 0.000385 0.000389 0.037297 0.000056 0.000195
 0.000522 0.000031 0.000438 0.000286 0.000168 0.000346 0.000080 0.110786 0.000240 0.000454 0.847386 0.000270 0.000262 0.000264 0.000145 0.000385 0.000389 0.037297 0.000056 0.000195
 0.037359 0.000031 0.037274 0.000286 0.000168 0.000346 0.000080 0.000276 0.073913 0.000454 0.000145 0.110780 0.000262 0.000264 0.000145 0.037222 0.700284 0.000461 0.000056 0.000195
 0.000522 0.000031 0.000438 0.000286 0.000168 0.000346 0.000080 0.000276 0.994827 0.000454 0.000145 0.000270 0.000262 0.000264 0.000145 0.000385 0.000389 0.000461 0.000056 0.000195
 0.626744 0.000031 0.000438 0.000286 0.000168 0.368711 0.000080 0.000276 0.000240 0.000454 0.000145 0.000270 0.000262 0.000264 0.000145 0.000385 0.000389 0.000461 0.000056 0.000195
 0.000522 0.000031 0.000438 0.000286 0.368534 0.000346 0.000080 0.000276 0.000240 0.626676 0.000145 0.000270 0.000262 0.000264 0.000145 0.000385 0.000389 0.000461 0.000056 0.000195
 0.000522 0.000031 0.000438 0.000286 0.000168 0.000346 0.000080 0.000276 0.000240 0.000454 0.000145 0.000270 0.958013 0.037100 0.000145 0.000385 0.000389 0.000461 0.000056 0.000195
 0.368888 0.000031 0.000438 0.000286 0.037005 0.000346 0.000080 0.000276 0.000240 0.000454 0.036982 0.000270 0.000262 0.000264 0.000145 0.000385 0.552938 0.000461 0.000056 0.000195
 0.000522 0.000031 0.000438 0.000286 0.000168 0.000346 0.000080 0.000276 0.000240 0.995041 0.000145 0.000270 0.000262 0.000264 0.000145 0.000385 0.000389 0.000461 0.000056 0.000195
 0.074195 0.000031 0.000438 0.000286 0.000168 0.000346 0.000080 0.405478 0.000240 0.000454 0.000145 0.000270 0.000262 0.000264 0.000145 0.000385 0.000389 0.516173 0.000056 0.000195
 0.000522 0.000031 0.000438 0.773854 0.000168 0.000346 0.000080 0.000276 0.221259 0.000454 0.000145 0.000270 0.000262 0.000264 0.000145 0.000385 0.000389 0.000461 0.000056 0.000195
 0.000522 0.000031 0.000438 0.000286 0.000168 0.589731 0.000080 0.000276 0.000240 0.000454 0.000145 0.405473 0.000262 0.000264 0.000145 0.000385 0.000389 0.000461 0.000056 0.000195
 0.405724 0.000031 0.000438 0.000286 0.000168 0.000346 0.000080 0.037113 0.000240 0.405656 0.000145 0.000270 0.000262 0.000264 0.000145 0.000385 0.000389 0.147807 0.000056 0.000195

MOTIF 18-VKVGASVAMKYL STREME-18
letter-probability matrix: alength= 20 w= 12 nsites= 39 E= 8.4e-001
 0.000428 0.000025 0.000359 0.000234 0.000138 0.000283 0.000066 0.211407 0.000196 0.181384 0.000119 0.000222 0.000215 0.000216 0.000119 0.000315 0.000319 0.603751 0.000046 0.000160
 0.000428 0.000025 0.000359 0.000234 0.000138 0.000283 0.000066 0.000226 0.995763 0.000372 0.000119 0.000222 0.000215 0.000216 0.000119 0.000315 0.000319 0.000377 0.000046 0.000160
 0.000428 0.000025 0.000359 0.000234 0.000138 0.000283 0.000066 0.000226 0.000196 0.000372 0.000119 0.000222 0.000215 0.000216 0.000119 0.000315 0.120994 0.875270 0.000046 0.000160
 0.211609 0.000025 0.000359 0.000234 0.000138 0.784669 0.000066 0.000226 0.000196 0.000372 0.000119 0.000222 0.000215 0.000216 0.000119 0.000315 0.000319 0.000377 0.000046 0.000160
 0.664139 0.331881 0.000359 0.000234 0.000138 0.000283 0.000066 0.000226 0.000196 0.000372 0.000119 0.000222 0.000215 0.000216 0.000119 0.000315 0.000319 0.000377 0.000046 0.000160
 0.030596 0.000025 0.030527 0.000234 0.000138 0.271801 0.000066 0.000226 0.000196 0.000372 0.000119 0.030390 0.000215 0.000216 0.000119 0.603689 0.030487 0.000377 0.000046 0.000160
 0.000428 0.000025 0.000359 0.000234 0.000138 0.000283 0.000066 0.000226 0.000196 0.000372 0.000119 0.000222 0.000215 0.000216 0.000119 0.000315 0.000319 0.995944 0.000046 0.000160
 0.935657 0.000025 0.000359 0.000234 0.000138 0.000283 0.000066 0.000226 0.000196 0.000372 0.000119 0.000222 0.000215 0.000216 0.000119 0.000315 0.030487 0.030546 0.000046 0.000160
 0.000428 0.000025 0.000359 0.000234 0.000138 0.000283 0.000066 0.090732 0.000196 0.302059 0.543155 0.030390 0.000215 0.000216 0.000119 0.000315 0.000319 0.030546 0.000046 0.000160
 0.030596 0.000025 0.030527 0.030403 0.000138 0.000283 0.000066 0.000226 0.633739 0.000372 0.000119 0.030390 0.000215 0.000216 0.120794 0.000315 0.000319 0.121052 0.000046 0.000160
 0.000428 0.000025 0.000359 0.000234 0.150981 0.000283 0.000066 0.000226 0.000196 0.000372 0.000119 0.000222 0.000215 0.000216 0.000119 0.000315 0.000319 0.000377 0.000046 0.844884
 0.000428 0.000025 0.000359 0.000234 0.000138 0.000283 0.000066 0.090732 0.000196 0.754589 0.000119 0.000222 0.000215 0.000216 0.000119 0.000315 0.090825 0.060715 0.000046 0.000160

MOTIF 19-RWTTFAD STREME-19
letter-probability matrix: alength= 20 w= 7 nsites= 40 E= 8.4e-001
 0.008770 0.000516 0.007352 0.004799 0.002822 0.005805 0.001345 0.004640 0.004024 0.007626 0.002438 0.004543 0.004403 0.004432 0.911526 0.006470 0.006536 0.007739 0.000935 0.003280
 0.008770 0.000516 0.007352 0.004799 0.002822 0.005805 0.001345 0.004640 0.004024 0.007626 0.002438 0.004543 0.004403 0.004432 0.002435 0.006470 0.006536 0.007739 0.910026 0.003280
 0.008770 0.000516 0.007352 0.004799 0.002822 0.005805 0.001345 0.004640 0.004024 0.007626 0.002438 0.004543 0.004403 0.004432 0.002435 0.006470 0.915627 0.007739 0.000935 0.003280
 0.008770 0.000516 0.007352 0.004799 0.002822 0.005805 0.001345 0.004640 0.004024 0.007626 0.002438 0.004543 0.004403 0.004432 0.002435 0.006470 0.915627 0.007739 0.000935 0.003280
 0.008770 0.000516 0.007352 0.004799 0.911913 0.005805 0.001345 0.004640 0.004024 0.007626 0.002438 0.004543 0.004403 0.004432 0.002435 0.006470 0.006536 0.007739 0.000935 0.003280
 0.917861 0.000516 0.007352 0.004799 0.002822 0.005805 0.001345 0.004640 0.004024 0.007626 0.002438 0.004543 0.004403 0.004432 0.002435 0.006470 0.006536 0.007739 0.000935 0.003280
 0.008770 0.000516 0.916443 0.004799 0.002822 0.005805 0.001345 0.004640 0.004024 0.007626 0.002438 0.004543 0.004403 0.004432 0.002435 0.006470 0.006536 0.007739 0.000935 0.003280

MOTIF 20-GHPGVF STREME-20
letter-probability matrix: alength= 20 w= 6 nsites= 73 E= 8.4e-001
 0.000214 0.000013 0.000180 0.000117 0.000069 0.997920 0.000033 0.000113 0.000098 0.000186 0.000060 0.000111 0.000108 0.000108 0.000060 0.000158 0.000160 0.000189 0.000023 0.000080
 0.000214 0.000013 0.000180 0.000117 0.030305 0.000142 0.755926 0.000113 0.000098 0.000186 0.000060 0.000111 0.000108 0.000108 0.000060 0.000158 0.000160 0.000189 0.015141 0.196612
 0.000214 0.000013 0.000180 0.000117 0.000069 0.000142 0.000033 0.000113 0.000098 0.000186 0.000060 0.000111 0.937415 0.000108 0.000060 0.000158 0.000160 0.060661 0.000023 0.000080
 0.000214 0.000013 0.000180 0.000117 0.000069 0.997920 0.000033 0.000113 0.000098 0.000186 0.000060 0.000111 0.000108 0.000108 0.000060 0.000158 0.000160 0.000189 0.000023 0.000080
 0.000214 0.000013 0.000180 0.000117 0.181483 0.000142 0.000033 0.045467 0.000098 0.000186 0.000060 0.060582 0.000108 0.000108 0.000060 0.015276 0.000160 0.680493 0.000023 0.015198
 0.000214 0.000013 0.015298 0.000117 0.619901 0.000142 0.000033 0.000113 0.000098 0.030422 0.000060 0.000111 0.000108 0.000108 0.000060 0.151337 0.000160 0.000189 0.000023 0.181494

MOTIF 21-YIPPK STREME-21
letter-probability matrix: alength= 20 w= 5 nsites= 73 E= 8.4e-001
 0.000208 0.000012 0.000174 0.000114 0.000067 0.000138 0.000032 0.000110 0.000095 0.000181 0.000058 0.000108 0.000104 0.000105 0.000058 0.000153 0.000155 0.000184 0.000022 0.997922
 0.000208 0.000012 0.000174 0.249575 0.000067 0.000138 0.000032 0.469684 0.000095 0.102900 0.000058 0.000108 0.000104 0.000105 0.000058 0.000153 0.000155 0.176274 0.000022 0.000078
 0.000208 0.000012 0.000174 0.000114 0.000067 0.000138 0.000032 0.000110 0.000095 0.000181 0.014732 0.000108 0.983274 0.000105 0.000058 0.000153 0.000155 0.000184 0.000022 0.000078
 0.014882 0.000012 0.000174 0.000114 0.000067 0.000138 0.000032 0.000110 0.000095 0.000181 0.000058 0.000108 0.983274 0.000105 0.000058 0.000153 0.000155 0.000184 0.000022 0.000078
 0.073579 0.014686 0.000174 0.000114 0.000067 0.014812 0.000032 0.029458 0.352276 0.029529 0.000058 0.000108 0.014779 0.000105 0.278867 0.190918 0.000155 0.000184 0.000022 0.000078

MOTIF 22-YWANN STREME-22
letter-probability matrix: alength= 20 w= 5 nsites= 40 E= 8.4e-001
 0.000441 0.000026 0.000370 0.000241 0.062356 0.000292 0.031175 0.000233 0.000202 0.000383 0.000123 0.000228 0.000221 0.000223 0.000122 0.000325 0.000329 0.000389 0.000047 0.902273
 0.000441 0.000026 0.000370 0.031348 0.000142 0.000292 0.000068 0.000233 0.000202 0.000383 0.000123 0.000228 0.000221 0.000223 0.000122 0.000325 0.000329 0.000389 0.964369 0.000165
 0.995870 0.000026 0.000370 0.000241 0.000142 0.000292 0.000068 0.000233 0.000202 0.000383 0.000123 0.000228 0.000221 0.000223 0.000122 0.000325 0.000329 0.000389 0.000047 0.000165
 0.000441 0.000026 0.000370 0.186884 0.000142 0.000292 0.000068 0.000233 0.000202 0.093705 0.000123 0.342407 0.000221 0.062437 0.000122 0.000325 0.311400 0.000389 0.000047 0.000165
 0.000441 0.000026 0.000370 0.000241 0.000142 0.000292 0.000068 0.000233 0.000202 0.000383 0.000123 0.995658 0.000221 0.000223 0.000122 0.000325 0.000329 0.000389 0.000047 0.000165

MOTIF 23-NKIVN STREME-23
letter-probability matrix: alength= 20 w= 5 nsites= 39 E= 8.4e-001
 0.008770 0.000516 0.007352 0.004799 0.002822 0.005805 0.001345 0.004640 0.004024 0.007626 0.002438 0.913633 0.004403 0.004432 0.002435 0.006470 0.006536 0.007739 0.000935 0.003280
 0.008770 0.000516 0.007352 0.004799 0.002822 0.005805 0.001345 0.004640 0.913115 0.007626 0.002438 0.004543 0.004403 0.004432 0.002435 0.006470 0.006536 0.007739 0.000935 0.003280
 0.008770 0.000516 0.007352 0.004799 0.002822 0.005805 0.001345 0.913731 0.004024 0.007626 0.002438 0.004543 0.004403 0.004432 0.002435 0.006470 0.006536 0.007739 0.000935 0.003280
 0.008770 0.000516 0.007352 0.004799 0.002822 0.005805 0.001345 0.004640 0.004024 0.007626 0.002438 0.004543 0.004403 0.004432 0.002435 0.006470 0.006536 0.916830 0.000935 0.003280
 0.008770 0.000516 0.007352 0.004799 0.002822 0.005805 0.001345 0.004640 0.004024 0.007626 0.002438 0.913633 0.004403 0.004432 0.002435 0.006470 0.006536 0.007739 0.000935 0.003280

MOTIF 24-GTLTIAG STREME-24
letter-probability matrix: alength= 20 w= 7 nsites= 72 E= 9.5e-001
 0.000314 0.000018 0.000263 0.000172 0.000101 0.996953 0.000048 0.000166 0.000144 0.000273 0.000087 0.000163 0.000158 0.000159 0.000087 0.000232 0.000234 0.000277 0.000033 0.000117
 0.000314 0.000018 0.000263 0.000172 0.000101 0.000208 0.000048 0.000166 0.000144 0.000273 0.000087 0.000163 0.000158 0.044458 0.022237 0.266030 0.664731 0.000277 0.000033 0.000117
 0.000314 0.000018 0.000263 0.000172 0.000101 0.000208 0.000048 0.000166 0.000144 0.997018 0.000087 0.000163 0.000158 0.000159 0.000087 0.000232 0.000234 0.000277 0.000033 0.000117
 0.000314 0.000018 0.022413 0.000172 0.000101 0.000208 0.000048 0.044466 0.000144 0.000273 0.000087 0.000163 0.000158 0.000159 0.000087 0.000232 0.930530 0.000277 0.000033 0.000117
 0.000314 0.000018 0.000263 0.000172 0.000101 0.000208 0.000048 0.930462 0.000144 0.000273 0.000087 0.000163 0.000158 0.000159 0.000087 0.044531 0.000234 0.022427 0.000033 0.000117
 0.664811 0.000018 0.000263 0.000172 0.000101 0.000208 0.000048 0.022316 0.000144 0.000273 0.000087 0.044462 0.000158 0.000159 0.000087 0.000232 0.088834 0.177476 0.000033 0.000117
 0.000314 0.000018 0.133163 0.000172 0.000101 0.841904 0.000048 0.000166 0.000144 0.000273 0.000087 0.022313 0.000158 0.000159 0.000087 0.000232 0.000234 0.000277 0.000033 0.000117

MOTIF 25-TYVQMAEVMLREVR STREME-25
letter-probability matrix: alength= 20 w= 14 nsites= 55 E= 1.7e+000
 0.000288 0.000017 0.000242 0.000158 0.000093 0.000191 0.000044 0.000153 0.000132 0.000251 0.000080 0.000149 0.000145 0.000146 0.000080 0.285073 0.712365 0.000255 0.000031 0.000108
 0.000288 0.000017 0.020589 0.000158 0.000093 0.000191 0.000044 0.000153 0.000132 0.000251 0.000080 0.000149 0.000145 0.000146 0.000080 0.000213 0.122298 0.000255 0.000031 0.854688
 0.000288 0.000017 0.000242 0.122241 0.000093 0.000191 0.000044 0.285013 0.000132 0.000251 0.000080 0.000149 0.000145 0.000146 0.000080 0.000213 0.081604 0.508933 0.000031 0.000108
 0.000288 0.000017 0.000242 0.040852 0.000093 0.000191 0.000044 0.000153 0.000132 0.000251 0.000080 0.000149 0.000145 0.834379 0.000080 0.000213 0.000215 0.122337 0.000031 0.000108
 0.000288 0.000017 0.000242 0.000158 0.000093 0.000191 0.000044 0.000153 0.000132 0.040945 0.956396 0.000149 0.000145 0.000146 0.000080 0.000213 0.000215 0.000255 0.000031 0.000108
 0.529314 0.223836 0.000242 0.000158 0.000093 0.000191 0.000044 0.000153 0.000132 0.000251 0.000080 0.000149 0.000145 0.000146 0.000080 0.122296 0.122298 0.000255 0.000031 0.000108
 0.000288 0.000017 0.000242 0.997168 0.000093 0.000191 0.000044 0.000153 0.000132 0.000251 0.000080 0.000149 0.000145 0.000146 0.000080 0.000213 0.000215 0.000255 0.000031 0.000108
 0.020636 0.000017 0.000242 0.000158 0.040787 0.000191 0.000044 0.101888 0.000132 0.101987 0.000080 0.000149 0.000145 0.000146 0.000080 0.000213 0.000215 0.732752 0.000031 0.000108
 0.081677 0.000017 0.000242 0.000158 0.000093 0.000191 0.000044 0.162930 0.000132 0.020598 0.732577 0.000149 0.000145 0.000146 0.000080 0.000213 0.000215 0.000255 0.000031 0.000108
 0.000288 0.000017 0.000242 0.000158 0.000093 0.000191 0.000044 0.000153 0.000132 0.631012 0.000080 0.000149 0.000145 0.000146 0.000080 0.000213 0.000215 0.366503 0.000031 0.000108
 0.264801 0.000017 0.000242 0.040852 0.000093 0.000191 0.000044 0.020500 0.162910 0.000251 0.000080 0.061191 0.000145 0.061187 0.366329 0.020560 0.000215 0.000255 0.000031 0.000108
 0.183413 0.000017 0.163019 0.427448 0.000093 0.000191 0.020391 0.000153 0.000132 0.000251 0.000080 0.000149 0.000145 0.000146 0.020427 0.061254 0.000215 0.122337 0.000031 0.000108
 0.000288 0.000017 0.000242 0.000158 0.000093 0.000191 0.000044 0.000153 0.000132 0.000251 0.000080 0.000149 0.000145 0.000146 0.000080 0.000213 0.000215 0.997265 0.000031 0.000108
 0.000288 0.000017 0.000242 0.122241 0.000093 0.000191 0.000044 0.000153 0.000132 0.000251 0.000080 0.000149 0.000145 0.000146 0.875007 0.000213 0.000215 0.000255 0.000031 0.000108

MOTIF 26-QVGSVG STREME-26
letter-probability matrix: alength= 20 w= 6 nsites= 60 E= 1.7e+000
 0.000236 0.000014 0.000198 0.000129 0.016702 0.000156 0.000036 0.000125 0.000108 0.166464 0.000066 0.000122 0.000118 0.814791 0.000065 0.000174 0.000176 0.000208 0.000025 0.000088
 0.033488 0.000014 0.000198 0.000129 0.000076 0.000156 0.000036 0.016751 0.000108 0.000205 0.000066 0.000122 0.033370 0.166379 0.000065 0.000174 0.033428 0.715124 0.000025 0.000088
 0.000236 0.000014 0.000198 0.000129 0.000076 0.997713 0.000036 0.000125 0.000108 0.000205 0.000066 0.000122 0.000118 0.000119 0.000065 0.000174 0.000176 0.000208 0.000025 0.000088
 0.099991 0.149647 0.000198 0.000129 0.000076 0.050034 0.000036 0.050003 0.000108 0.016831 0.000066 0.000122 0.149752 0.000119 0.000065 0.432449 0.016802 0.000208 0.000025 0.033340
 0.000236 0.000014 0.000198 0.000129 0.000076 0.000156 0.000036 0.033377 0.000108 0.066709 0.000066 0.000122 0.000118 0.000119 0.000065 0.016800 0.000176 0.881383 0.000025 0.000088
 0.016862 0.000014 0.000198 0.000129 0.000076 0.964461 0.000036 0.000125 0.000108 0.000205 0.000066 0.000122 0.016744 0.000119 0.000065 0.000174 0.000176 0.000208 0.000025 0.000088

MOTIF 27-SQSGCQTYEATDLLLRBRPLDTSSHNIJW STREME-27
letter-probability matrix: alength= 20 w= 29 nsites= 49 E= 3.4e+000
 0.266113 0.088618 0.000263 0.000172 0.022251 0.022358 0.000048 0.000166 0.000144 0.000273 0.000087 0.000163 0.000158 0.000159 0.000087 0.598279 0.000234 0.000277 0.000033 0.000117
 0.044614 0.000018 0.000263 0.022322 0.022251 0.000208 0.022198 0.000166 0.000144 0.088873 0.022237 0.088762 0.022308 0.288107 0.044387 0.066681 0.044534 0.177476 0.000033 0.044417
 0.022464 0.000018 0.000263 0.000172 0.066551 0.000208 0.199397 0.000166 0.000144 0.000273 0.000087 0.022313 0.288106 0.022309 0.000087 0.288180 0.000234 0.044577 0.000033 0.044417
 0.000314 0.000018 0.000263 0.000172 0.000101 0.952653 0.000048 0.000166 0.000144 0.000273 0.000087 0.000163 0.000158 0.000159 0.000087 0.022382 0.022384 0.000277 0.000033 0.000117
 0.000314 0.708815 0.000263 0.000172 0.000101 0.000208 0.000048 0.000166 0.000144 0.066723 0.000087 0.000163 0.000158 0.000159 0.000087 0.000232 0.022384 0.000277 0.000033 0.199466
 0.022464 0.044318 0.000263 0.000172 0.000101 0.000208 0.022198 0.022316 0.066594 0.066723 0.199436 0.088762 0.000158 0.398857 0.000087 0.000232 0.000234 0.066727 0.000033 0.000117
 0.266113 0.000018 0.000263 0.000172 0.000101 0.000208 0.000048 0.110916 0.000144 0.000273 0.022237 0.000163 0.000158 0.000159 0.000087 0.110981 0.487532 0.000277 0.000033 0.000117
 0.000314 0.110768 0.000263 0.000172 0.000101 0.000208 0.022198 0.000166 0.000144 0.199622 0.132987 0.000163 0.000158 0.066608 0.000087 0.000232 0.000234 0.088877 0.000033 0.376666
 0.000314 0.000018 0.022413 0.974767 0.000101 0.000208 0.000048 0.000166 0.000144 0.000273 0.000087 0.000163 0.000158 0.000159 0.000087 0.000232 0.000234 0.000277 0.000033 0.000117
 0.997059 0.000018 0.000263 0.000172 0.000101 0.000208 0.000048 0.000166 0.000144 0.000273 0.000087 0.000163 0.000158 0.000159 0.000087 0.000232 0.000234 0.000277 0.000033 0.000117
 0.000314 0.000018 0.000263 0.000172 0.000101 0.000208 0.000048 0.000166 0.000144 0.000273 0.000087 0.000163 0.000158 0.000159 0.000087 0.133131 0.864080 0.000277 0.000033 0.000117
 0.044614 0.000018 0.554011 0.332420 0.000101 0.022358 0.022198 0.000166 0.000144 0.000273 0.000087 0.000163 0.000158 0.022309 0.000087 0.000232 0.000234 0.000277 0.000033 0.000117
 0.000314 0.000018 0.000263 0.000172 0.310200 0.000208 0.000048 0.110916 0.000144 0.376821 0.110837 0.000163 0.000158 0.000159 0.000087 0.000232 0.000234 0.066727 0.000033 0.022267
 0.000314 0.000018 0.000263 0.000172 0.000101 0.000208 0.000048 0.022316 0.000144 0.974868 0.000087 0.000163 0.000158 0.000159 0.000087 0.000232 0.000234 0.000277 0.000033 0.000117
 0.066764 0.000018 0.000263 0.000172 0.000101 0.000208 0.000048 0.177365 0.000144 0.554020 0.000087 0.022313 0.000158 0.000159 0.000087 0.000232 0.000234 0.155326 0.000033 0.022267
 0.000314 0.022168 0.000263 0.000172 0.022251 0.000208 0.066498 0.000166 0.044444 0.000273 0.000087 0.000163 0.000158 0.000159 0.819633 0.000232 0.000234 0.000277 0.000033 0.022267
 0.000314 0.000018 0.243912 0.110921 0.000101 0.044508 0.000048 0.000166 0.110894 0.000273 0.000087 0.443161 0.000158 0.000159 0.022237 0.022382 0.000234 0.000277 0.000033 0.000117
 0.000314 0.000018 0.000263 0.000172 0.000101 0.000208 0.000048 0.022316 0.243793 0.000273 0.000087 0.000163 0.000158 0.000159 0.708884 0.000232 0.000234 0.022427 0.000033 0.000117
 0.000314 0.000018 0.000263 0.000172 0.000101 0.000208 0.000048 0.000166 0.066594 0.000273 0.000087 0.022313 0.731104 0.044458 0.044387 0.066681 0.000234 0.022427 0.000033 0.000117
 0.000314 0.000018 0.000263 0.000172 0.000101 0.000208 0.000048 0.044466 0.000144 0.797669 0.000087 0.000163 0.022308 0.000159 0.000087 0.000232 0.022384 0.111027 0.000033 0.000117
 0.022464 0.000018 0.332512 0.000172 0.000101 0.000208 0.000048 0.000166 0.000144 0.044573 0.000087 0.243811 0.000158 0.044458 0.000087 0.022382 0.000234 0.288226 0.000033 0.000117
 0.000314 0.000018 0.000263 0.000172 0.000101 0.000208 0.000048 0.088766 0.022294 0.000273 0.000087 0.000163 0.354556 0.000159 0.000087 0.022382 0.465382 0.044577 0.000033 0.000117
 0.088914 0.000018 0.022413 0.000172 0.000101 0.000208 0.066498 0.000166 0.000144 0.044573 0.000087 0.000163 0.000158 0.000159 0.000087 0.642579 0.088834 0.000277 0.000033 0.044417
 0.022464 0.022168 0.000263 0.000172 0.000101 0.266007 0.000048 0.265965 0.000144 0.000273 0.044387 0.000163 0.000158 0.000159 0.000087 0.266030 0.066684 0.044577 0.000033 0.000117
 0.000314 0.000018 0.000263 0.000172 0.000101 0.000208 0.819594 0.000166 0.000144 0.000273 0.000087 0.022313 0.000158 0.088758 0.000087 0.044531 0.000234 0.000277 0.000033 0.022267
 0.000314 0.000018 0.000263 0.000172 0.022251 0.000208 0.000048 0.000166 0.000144 0.133172 0.000087 0.443161 0.000158 0.000159 0.000087 0.000232 0.000234 0.398975 0.000033 0.000117
 0.000314 0.000018 0.000263 0.000172 0.000101 0.000208 0.000048 0.531764 0.000144 0.022423 0.000087 0.000163 0.000158 0.000159 0.000087 0.000232 0.000234 0.443275 0.000033 0.000117
 0.000314 0.000018 0.000263 0.000172 0.000101 0.000208 0.000048 0.576063 0.000144 0.398971 0.000087 0.000163 0.000158 0.000159 0.000087 0.000232 0.000234 0.022427 0.000033 0.000117
 0.000314 0.000018 0.000263 0.000172 0.110851 0.000208 0.000048 0.000166 0.000144 0.111023 0.199436 0.000163 0.000158 0.000159 0.000087 0.000232 0.000234 0.000277 0.465181 0.110867

********************************************************************************
Stopped because 3 consecutive motifs exceeded the p-value threshold (0.05).
********************************************************************************
COMMAND:	streme --verbosity 1 --oc . --protein --totallength 4000000 --time 14400 --minw 3 --maxw 30 --thresh 0.05 --align left --dfile description --p borosin_HC.fa.txt
********************************************************************************
CPU:		noble-meme.grid.gs.washington.edu
********************************************************************************
FINALTIME:	392.41 seconds
********************************************************************************