XSTREME - Motif Discovery and Enrichment Analysis
********************************************************************************
MEME version 5.5.4 (Fri Jun 16 12:19:08 2023 -0700)

For further information on how to interpret these results please access https://meme-suite.org/meme.
To get a copy of the MEME Suite software please access https://meme-suite.org.

********************************************************************************


********************************************************************************
REFERENCE
********************************************************************************
If you use this program in your research, please cite:

Charles E. Grant and Timothy L. Bailey, "XSTREME: comprehensive motif analysis of biological sequence datasets",
BioRxiv, September 3, 2021.
********************************************************************************


ALPHABET= ACDEFGHIKLMNPQRSTVWY


MOTIF 1-PFFASFLEKQVK Microviridin_leader

letter-probability matrix: alength= 20 w= 12 nsites= 240 E= 2.5e-013
  0.000033	  0.000001	  0.000071	  0.000049	  0.000034	  0.000038	  0.000006	  0.000029	  0.000071	  0.000037	  0.000021	  0.000027	  0.999374	  0.000028	  0.000011	  0.000053	  0.000059	  0.000039	  0.000003	  0.000015	
  0.000033	  0.000001	  0.000071	  0.000049	  0.994684	  0.000038	  0.000006	  0.000029	  0.000071	  0.000037	  0.000021	  0.000027	  0.000055	  0.000028	  0.000011	  0.000053	  0.000059	  0.000039	  0.000003	  0.004685	
  0.000033	  0.000001	  0.000071	  0.000049	  0.999353	  0.000038	  0.000006	  0.000029	  0.000071	  0.000037	  0.000021	  0.000027	  0.000055	  0.000028	  0.000011	  0.000053	  0.000059	  0.000039	  0.000003	  0.000015	
  0.961994	  0.000001	  0.000071	  0.000049	  0.000034	  0.000038	  0.000006	  0.000029	  0.000071	  0.000037	  0.000021	  0.004697	  0.000055	  0.000028	  0.000011	  0.014063	  0.004728	  0.014048	  0.000003	  0.000015	
  0.004702	  0.000001	  0.000071	  0.000049	  0.000034	  0.009377	  0.032694	  0.000029	  0.009410	  0.000037	  0.000021	  0.042055	  0.000055	  0.042056	  0.294203	  0.499713	  0.065435	  0.000039	  0.000003	  0.000015	
  0.000033	  0.000001	  0.000071	  0.000049	  0.933977	  0.000038	  0.000006	  0.000029	  0.000071	  0.032725	  0.000021	  0.000027	  0.000055	  0.000028	  0.000011	  0.000053	  0.000059	  0.000039	  0.000003	  0.032703	
  0.000033	  0.000001	  0.000071	  0.000049	  0.000034	  0.000038	  0.000006	  0.009369	  0.000071	  0.990017	  0.000021	  0.000027	  0.000055	  0.000028	  0.000011	  0.000053	  0.000059	  0.000039	  0.000003	  0.000015	
  0.018711	  0.000001	  0.000071	  0.873286	  0.000034	  0.000038	  0.000006	  0.000029	  0.000071	  0.000037	  0.000021	  0.000027	  0.000055	  0.009368	  0.000011	  0.088778	  0.000059	  0.009378	  0.000003	  0.000015	
  0.032721	  0.000001	  0.032759	  0.107453	  0.000034	  0.084093	  0.004676	  0.000029	  0.555767	  0.000037	  0.000021	  0.065403	  0.000055	  0.000028	  0.000011	  0.056090	  0.000059	  0.060745	  0.000003	  0.000015	
  0.000033	  0.000001	  0.014080	  0.018728	  0.000034	  0.000038	  0.000006	  0.000029	  0.000071	  0.000037	  0.000021	  0.000027	  0.000055	  0.905953	  0.000011	  0.060760	  0.000059	  0.000039	  0.000003	  0.000015	
  0.037390	  0.000001	  0.018749	  0.042077	  0.028052	  0.000038	  0.009346	  0.233515	  0.098135	  0.149468	  0.014030	  0.014036	  0.004725	  0.037386	  0.009351	  0.037411	  0.009398	  0.247534	  0.000003	  0.009355	
  0.046730	  0.023350	  0.023419	  0.098114	  0.009374	  0.014047	  0.004676	  0.000029	  0.439024	  0.028055	  0.000021	  0.028046	  0.028073	  0.102762	  0.032699	  0.042081	  0.051425	  0.018718	  0.000003	  0.009355	

MOTIF 2-DNVTMKYPSDGDED Microviridin_core

letter-probability matrix: alength= 20 w= 14 nsites= 239 E= 6.2e-012
  0.009736	  0.000001	  0.203813	  0.034008	  0.029141	  0.038847	  0.009708	  0.063093	  0.000074	  0.155268	  0.194059	  0.014581	  0.072821	  0.058241	  0.000012	  0.014608	  0.034017	  0.009742	  0.000004	  0.058227	
  0.135860	  0.000001	  0.058285	  0.043710	  0.014588	  0.029145	  0.033963	  0.072795	  0.000074	  0.082504	  0.150400	  0.164960	  0.029163	  0.043688	  0.024266	  0.000056	  0.004912	  0.082506	  0.000004	  0.029122	
  0.000034	  0.004852	  0.000073	  0.024306	  0.004886	  0.014592	  0.203746	  0.000031	  0.000074	  0.000038	  0.009723	  0.019432	  0.000057	  0.169812	  0.004863	  0.024310	  0.048570	  0.426923	  0.033960	  0.009718	
  0.000034	  0.000001	  0.000073	  0.000051	  0.000035	  0.000039	  0.000006	  0.000031	  0.000074	  0.000038	  0.000021	  0.000028	  0.000057	  0.000029	  0.000012	  0.004906	  0.994503	  0.000040	  0.000004	  0.000016	
  0.000034	  0.000001	  0.004924	  0.000051	  0.029141	  0.000039	  0.014559	  0.004882	  0.009775	  0.349306	  0.489966	  0.004879	  0.000057	  0.048539	  0.024266	  0.000056	  0.000061	  0.000040	  0.014556	  0.004867	
  0.019438	  0.000001	  0.000073	  0.000051	  0.000035	  0.000039	  0.000006	  0.000031	  0.979963	  0.000038	  0.000021	  0.000028	  0.000057	  0.000029	  0.000012	  0.000056	  0.000061	  0.000040	  0.000004	  0.000016	
  0.009736	  0.000001	  0.000073	  0.000051	  0.024290	  0.000039	  0.009708	  0.000031	  0.000074	  0.000038	  0.000021	  0.000028	  0.000057	  0.000029	  0.000012	  0.000056	  0.000061	  0.000040	  0.029109	  0.926545	
  0.000034	  0.000001	  0.000073	  0.000051	  0.000035	  0.000039	  0.000006	  0.000031	  0.000074	  0.000038	  0.000021	  0.000028	  0.999350	  0.000029	  0.000012	  0.000056	  0.000061	  0.000040	  0.000004	  0.000016	
  0.000034	  0.000001	  0.000073	  0.000051	  0.000035	  0.000039	  0.000006	  0.000031	  0.000074	  0.000038	  0.000021	  0.000028	  0.000057	  0.000029	  0.000012	  0.999348	  0.000061	  0.000040	  0.000004	  0.000016	
  0.000034	  0.000001	  0.999366	  0.000051	  0.000035	  0.000039	  0.000006	  0.000031	  0.000074	  0.000038	  0.000021	  0.000028	  0.000057	  0.000029	  0.000012	  0.000056	  0.000061	  0.000040	  0.000004	  0.000016	
  0.014587	  0.000001	  0.024328	  0.000051	  0.014588	  0.596704	  0.000006	  0.000031	  0.000074	  0.004889	  0.000021	  0.072792	  0.000057	  0.004880	  0.000012	  0.126180	  0.000061	  0.014593	  0.126128	  0.000016	
  0.000034	  0.000001	  0.800478	  0.194089	  0.000035	  0.000039	  0.004857	  0.000031	  0.000074	  0.000038	  0.000021	  0.000028	  0.000057	  0.000029	  0.000012	  0.000056	  0.000061	  0.000040	  0.000004	  0.000016	
  0.000034	  0.000001	  0.431807	  0.548207	  0.000035	  0.000039	  0.000006	  0.000031	  0.000074	  0.000038	  0.000021	  0.000028	  0.000057	  0.000029	  0.000012	  0.004906	  0.000061	  0.014593	  0.000004	  0.000016	
  0.033990	  0.004852	  0.509422	  0.038859	  0.024290	  0.092207	  0.014559	  0.014583	  0.004925	  0.019442	  0.000021	  0.019432	  0.000057	  0.000029	  0.014564	  0.121329	  0.009763	  0.014593	  0.009705	  0.053376	

MOTIF 3-LFIEDLE Plieciosin_leader

letter-probability matrix: alength= 20 w= 7 nsites= 42 E= 3.9e-023
  0.000270	  0.000049	  0.000159	  0.024461	  0.000119	  0.000479	  0.000045	  0.000167	  0.000177	  0.948761	  0.000084	  0.024090	  0.000241	  0.000107	  0.000091	  0.000159	  0.000327	  0.000153	  0.000014	  0.000048	
  0.000270	  0.000049	  0.072237	  0.096940	  0.610218	  0.000479	  0.000045	  0.000167	  0.073471	  0.000280	  0.000084	  0.096168	  0.000241	  0.000107	  0.000091	  0.000159	  0.000327	  0.000153	  0.000014	  0.048501	
  0.000270	  0.000049	  0.000159	  0.024461	  0.000119	  0.000479	  0.000045	  0.729952	  0.024203	  0.048332	  0.000084	  0.000064	  0.000241	  0.000107	  0.000091	  0.000159	  0.000327	  0.170798	  0.000014	  0.000048	
  0.193695	  0.000049	  0.024185	  0.270492	  0.000119	  0.000479	  0.024071	  0.000167	  0.000177	  0.000280	  0.000084	  0.000064	  0.000241	  0.195178	  0.024116	  0.144315	  0.122075	  0.000153	  0.000014	  0.000048	
  0.000270	  0.000049	  0.533211	  0.463916	  0.000119	  0.000479	  0.000045	  0.000167	  0.000177	  0.000280	  0.000084	  0.000064	  0.000241	  0.000107	  0.000091	  0.000159	  0.000327	  0.000153	  0.000014	  0.000048	
  0.000270	  0.000049	  0.000159	  0.000435	  0.000119	  0.000479	  0.000045	  0.000167	  0.000177	  0.972787	  0.000084	  0.000064	  0.000241	  0.000107	  0.000091	  0.000159	  0.000327	  0.000153	  0.024040	  0.000048	
  0.171315	  0.000049	  0.000159	  0.414247	  0.000119	  0.219546	  0.000045	  0.000167	  0.024203	  0.000280	  0.000084	  0.024090	  0.048293	  0.048560	  0.000091	  0.024185	  0.000327	  0.024179	  0.000014	  0.000048

MOTIF 4-TTLAJGEEGGD Plieciosin_core

letter-probability matrix: alength= 20 w= 11 nsites= 94 E= 1.6e-002
  0.000124	  0.000012	  0.000086	  0.000164	  0.024105	  0.000216	  0.000027	  0.216584	  0.036162	  0.000132	  0.000043	  0.000053	  0.000150	  0.000073	  0.000043	  0.024145	  0.601522	  0.060238	  0.000010	  0.036109	
  0.000124	  0.000012	  0.000086	  0.000164	  0.000050	  0.000216	  0.000027	  0.000093	  0.000080	  0.000132	  0.000043	  0.000053	  0.000150	  0.012100	  0.000043	  0.000090	  0.986395	  0.000102	  0.000010	  0.000027	
  0.000124	  0.000012	  0.000086	  0.000164	  0.000050	  0.000216	  0.000027	  0.000093	  0.012108	  0.457169	  0.348834	  0.000053	  0.012178	  0.132373	  0.000043	  0.000090	  0.012185	  0.000102	  0.000010	  0.024082	
  0.926225	  0.000012	  0.000086	  0.000164	  0.000050	  0.000216	  0.000027	  0.000093	  0.012108	  0.000132	  0.012070	  0.000053	  0.000150	  0.036155	  0.000043	  0.012118	  0.000157	  0.000102	  0.000010	  0.000027	
  0.000124	  0.024067	  0.000086	  0.000164	  0.000050	  0.024271	  0.000027	  0.505239	  0.000080	  0.288787	  0.000043	  0.000053	  0.000150	  0.000073	  0.000043	  0.000090	  0.000157	  0.156457	  0.000010	  0.000027	
  0.012151	  0.012039	  0.000086	  0.000164	  0.000050	  0.878208	  0.000027	  0.000093	  0.048190	  0.000132	  0.000043	  0.000053	  0.036232	  0.000073	  0.000043	  0.000090	  0.000157	  0.000102	  0.000010	  0.012054	
  0.000124	  0.000012	  0.000086	  0.986402	  0.000050	  0.000216	  0.000027	  0.000093	  0.000080	  0.000132	  0.000043	  0.000053	  0.000150	  0.000073	  0.000043	  0.000090	  0.000157	  0.012129	  0.000010	  0.000027	
  0.000124	  0.000012	  0.108332	  0.661665	  0.000050	  0.168598	  0.012055	  0.000093	  0.000080	  0.000132	  0.000043	  0.012080	  0.000150	  0.000073	  0.000043	  0.000090	  0.036239	  0.000102	  0.000010	  0.000027	
  0.000124	  0.012039	  0.096305	  0.024219	  0.000050	  0.757935	  0.024082	  0.000093	  0.000080	  0.000132	  0.000043	  0.000053	  0.000150	  0.000073	  0.000043	  0.036172	  0.036239	  0.012129	  0.000010	  0.000027	
  0.000124	  0.024067	  0.024141	  0.000164	  0.000050	  0.794017	  0.000027	  0.000093	  0.012108	  0.000132	  0.000043	  0.012080	  0.072314	  0.000073	  0.012071	  0.024145	  0.000157	  0.000102	  0.000010	  0.024082	
  0.024178	  0.048121	  0.216577	  0.012191	  0.012077	  0.180625	  0.012055	  0.000093	  0.156435	  0.000132	  0.000043	  0.000053	  0.156505	  0.024128	  0.012071	  0.036172	  0.060294	  0.012129	  0.024065	  0.012054	

MOTIF 5-MKPYIM Thuringinin_leader

letter-probability matrix: alength= 20 w= 6 nsites= 42 E= 3.9e-023
  0.000090	  0.000034	  0.000348	  0.000339	  0.000137	  0.000069	  0.000045	  0.000255	  0.184726	  0.000191	  0.789397	  0.000209	  0.000109	  0.000078	  0.000079	  0.000304	  0.000471	  0.000123	  0.000013	  0.022984	
  0.000090	  0.000034	  0.000348	  0.000339	  0.000137	  0.000069	  0.000045	  0.000255	  0.974023	  0.000191	  0.000100	  0.000209	  0.000109	  0.000078	  0.022911	  0.000304	  0.000471	  0.000123	  0.000013	  0.000152	
  0.000090	  0.000034	  0.000348	  0.000339	  0.000137	  0.000069	  0.000045	  0.000255	  0.069027	  0.000191	  0.000100	  0.000209	  0.927937	  0.000078	  0.000079	  0.000304	  0.000471	  0.000123	  0.000013	  0.000152	
  0.000090	  0.000034	  0.000348	  0.000339	  0.000137	  0.000069	  0.068923	  0.000255	  0.000149	  0.000191	  0.000100	  0.000209	  0.000109	  0.000078	  0.000079	  0.000304	  0.000471	  0.000123	  0.000013	  0.927980	
  0.000090	  0.000034	  0.000348	  0.000339	  0.000137	  0.000069	  0.000045	  0.713320	  0.000149	  0.115508	  0.000100	  0.000209	  0.000109	  0.000078	  0.000079	  0.000304	  0.168794	  0.000123	  0.000013	  0.000152	
  0.068968	  0.000034	  0.000348	  0.000339	  0.022969	  0.022902	  0.000045	  0.000255	  0.000149	  0.115114	  0.651642	  0.000209	  0.000109	  0.000078	  0.000079	  0.116003	  0.000471	  0.000123	  0.000013	  0.000152	

MOTIF 6-STTITETIENSDEDE Thuringinin_core

letter-probability matrix: alength= 20 w= 15 nsites= 186 E= 2.1e-801
  0.037634	  0.000000	  0.043011	  0.032258	  0.005376	  0.080645	  0.000000	  0.005376	  0.010753	  0.005376	  0.000000	  0.000000	  0.069892	  0.000000	  0.059140	  0.322581	  0.188172	  0.032258	  0.102151	  0.005376	
  0.000000	  0.000000	  0.000000	  0.000000	  0.000000	  0.010753	  0.000000	  0.000000	  0.016129	  0.000000	  0.005376	  0.000000	  0.005376	  0.000000	  0.032258	  0.043011	  0.887097	  0.000000	  0.000000	  0.000000	
  0.026882	  0.000000	  0.000000	  0.010753	  0.102151	  0.005376	  0.005376	  0.172043	  0.043011	  0.053763	  0.107527	  0.016129	  0.000000	  0.021505	  0.086022	  0.016129	  0.188172	  0.096774	  0.000000	  0.048387	
  0.005376	  0.000000	  0.005376	  0.161290	  0.048387	  0.000000	  0.043011	  0.198925	  0.112903	  0.048387	  0.048387	  0.005376	  0.000000	  0.112903	  0.059140	  0.026882	  0.016129	  0.091398	  0.000000	  0.016129	
  0.000000	  0.000000	  0.000000	  0.000000	  0.000000	  0.000000	  0.000000	  0.005376	  0.000000	  0.000000	  0.000000	  0.000000	  0.000000	  0.000000	  0.000000	  0.010753	  0.983871	  0.000000	  0.000000	  0.000000	
  0.086022	  0.000000	  0.010753	  0.209677	  0.198925	  0.000000	  0.005376	  0.000000	  0.150538	  0.000000	  0.005376	  0.139785	  0.000000	  0.000000	  0.172043	  0.021505	  0.000000	  0.000000	  0.000000	  0.000000	
  0.010753	  0.000000	  0.000000	  0.021505	  0.005376	  0.000000	  0.000000	  0.053763	  0.000000	  0.000000	  0.000000	  0.010753	  0.000000	  0.010753	  0.021505	  0.177419	  0.473118	  0.215054	  0.000000	  0.000000	
  0.005376	  0.000000	  0.005376	  0.000000	  0.016129	  0.000000	  0.000000	  0.473118	  0.005376	  0.155914	  0.005376	  0.016129	  0.010753	  0.021505	  0.000000	  0.026882	  0.080645	  0.177419	  0.000000	  0.000000	
  0.000000	  0.000000	  0.000000	  1.000000	  0.000000	  0.000000	  0.000000	  0.000000	  0.000000	  0.000000	  0.000000	  0.000000	  0.000000	  0.000000	  0.000000	  0.000000	  0.000000	  0.000000	  0.000000	  0.000000	
  0.064516	  0.005376	  0.075269	  0.000000	  0.000000	  0.048387	  0.005376	  0.010753	  0.000000	  0.005376	  0.000000	  0.354839	  0.129032	  0.021505	  0.000000	  0.166667	  0.096774	  0.016129	  0.000000	  0.000000	
  0.032258	  0.000000	  0.096774	  0.000000	  0.000000	  0.069892	  0.010753	  0.005376	  0.000000	  0.032258	  0.000000	  0.112903	  0.000000	  0.053763	  0.000000	  0.354839	  0.220430	  0.010753	  0.000000	  0.000000	
  0.000000	  0.000000	  0.978495	  0.021505	  0.000000	  0.000000	  0.000000	  0.000000	  0.000000	  0.000000	  0.000000	  0.000000	  0.000000	  0.000000	  0.000000	  0.000000	  0.000000	  0.000000	  0.000000	  0.000000	
  0.032258	  0.010753	  0.129032	  0.204301	  0.005376	  0.000000	  0.043011	  0.005376	  0.026882	  0.005376	  0.000000	  0.145161	  0.188172	  0.037634	  0.032258	  0.048387	  0.064516	  0.005376	  0.000000	  0.016129	
  0.010753	  0.000000	  0.924731	  0.016129	  0.000000	  0.005376	  0.000000	  0.000000	  0.005376	  0.000000	  0.000000	  0.032258	  0.000000	  0.005376	  0.000000	  0.000000	  0.000000	  0.000000	  0.000000	  0.000000	
  0.016129	  0.032258	  0.000000	  0.494624	  0.102151	  0.005376	  0.005376	  0.016129	  0.005376	  0.000000	  0.010753	  0.032258	  0.000000	  0.016129	  0.000000	  0.059140	  0.005376	  0.005376	  0.000000	  0.193548	

MOTIF 7-YGZTLITKTREGIDRSERS OEP_4_core

letter-probability matrix: alength= 20 w= 19 nsites= 22 E= 8.1e-155
  0.090909	  0.000000	  0.000000	  0.000000	  0.090909	  0.000000	  0.000000	  0.136364	  0.090909	  0.090909	  0.000000	  0.045455	  0.000000	  0.045455	  0.090909	  0.000000	  0.000000	  0.136364	  0.000000	  0.181818	
  0.045455	  0.090909	  0.136364	  0.000000	  0.181818	  0.272727	  0.045455	  0.000000	  0.000000	  0.045455	  0.000000	  0.000000	  0.000000	  0.000000	  0.000000	  0.045455	  0.136364	  0.000000	  0.000000	  0.000000	
  0.000000	  0.000000	  0.000000	  0.227273	  0.000000	  0.000000	  0.045455	  0.000000	  0.136364	  0.000000	  0.000000	  0.000000	  0.045455	  0.409091	  0.000000	  0.045455	  0.090909	  0.000000	  0.000000	  0.000000	
  0.000000	  0.000000	  0.000000	  0.000000	  0.000000	  0.000000	  0.000000	  0.000000	  0.000000	  0.000000	  0.000000	  0.000000	  0.000000	  0.000000	  0.000000	  0.090909	  0.909091	  0.000000	  0.000000	  0.000000	
  0.000000	  0.000000	  0.000000	  0.000000	  0.000000	  0.000000	  0.000000	  0.136364	  0.000000	  0.727273	  0.000000	  0.000000	  0.000000	  0.000000	  0.045455	  0.000000	  0.045455	  0.045455	  0.000000	  0.000000	
  0.045455	  0.000000	  0.000000	  0.045455	  0.000000	  0.000000	  0.000000	  0.727273	  0.000000	  0.045455	  0.000000	  0.000000	  0.000000	  0.000000	  0.000000	  0.000000	  0.045455	  0.090909	  0.000000	  0.000000	
  0.000000	  0.000000	  0.000000	  0.000000	  0.000000	  0.000000	  0.000000	  0.000000	  0.000000	  0.000000	  0.000000	  0.000000	  0.000000	  0.000000	  0.000000	  0.000000	  1.000000	  0.000000	  0.000000	  0.000000	
  0.045455	  0.000000	  0.000000	  0.272727	  0.136364	  0.000000	  0.000000	  0.000000	  0.272727	  0.000000	  0.000000	  0.000000	  0.000000	  0.000000	  0.227273	  0.000000	  0.000000	  0.000000	  0.000000	  0.045455	
  0.000000	  0.000000	  0.000000	  0.000000	  0.000000	  0.000000	  0.000000	  0.000000	  0.000000	  0.000000	  0.000000	  0.000000	  0.000000	  0.000000	  0.000000	  0.045455	  0.954545	  0.000000	  0.000000	  0.000000	
  0.000000	  0.000000	  0.000000	  0.000000	  0.000000	  0.000000	  0.000000	  0.000000	  0.045455	  0.000000	  0.000000	  0.000000	  0.000000	  0.000000	  0.954545	  0.000000	  0.000000	  0.000000	  0.000000	  0.000000	
  0.000000	  0.000000	  0.000000	  1.000000	  0.000000	  0.000000	  0.000000	  0.000000	  0.000000	  0.000000	  0.000000	  0.000000	  0.000000	  0.000000	  0.000000	  0.000000	  0.000000	  0.000000	  0.000000	  0.000000	
  0.272727	  0.000000	  0.000000	  0.000000	  0.000000	  0.500000	  0.000000	  0.000000	  0.000000	  0.000000	  0.000000	  0.000000	  0.000000	  0.000000	  0.000000	  0.227273	  0.000000	  0.000000	  0.000000	  0.000000	
  0.090909	  0.000000	  0.000000	  0.000000	  0.000000	  0.000000	  0.000000	  0.636364	  0.000000	  0.000000	  0.000000	  0.000000	  0.000000	  0.000000	  0.000000	  0.000000	  0.000000	  0.272727	  0.000000	  0.000000	
  0.000000	  0.000000	  0.954545	  0.000000	  0.000000	  0.000000	  0.000000	  0.000000	  0.000000	  0.000000	  0.000000	  0.000000	  0.000000	  0.000000	  0.000000	  0.000000	  0.000000	  0.000000	  0.000000	  0.045455	
  0.136364	  0.000000	  0.000000	  0.000000	  0.000000	  0.000000	  0.000000	  0.000000	  0.045455	  0.000000	  0.000000	  0.000000	  0.000000	  0.045455	  0.636364	  0.090909	  0.045455	  0.000000	  0.000000	  0.000000	
  0.045455	  0.000000	  0.000000	  0.000000	  0.000000	  0.000000	  0.000000	  0.000000	  0.000000	  0.000000	  0.000000	  0.000000	  0.000000	  0.000000	  0.000000	  0.954545	  0.000000	  0.000000	  0.000000	  0.000000	
  0.000000	  0.000000	  0.000000	  0.954545	  0.000000	  0.000000	  0.000000	  0.000000	  0.045455	  0.000000	  0.000000	  0.000000	  0.000000	  0.000000	  0.000000	  0.000000	  0.000000	  0.000000	  0.000000	  0.000000	
  0.000000	  0.000000	  0.000000	  0.000000	  0.000000	  0.136364	  0.227273	  0.000000	  0.181818	  0.000000	  0.000000	  0.045455	  0.000000	  0.090909	  0.227273	  0.045455	  0.045455	  0.000000	  0.000000	  0.000000	
  0.045455	  0.000000	  0.000000	  0.000000	  0.000000	  0.090909	  0.000000	  0.000000	  0.000000	  0.000000	  0.000000	  0.000000	  0.000000	  0.000000	  0.000000	  0.863636	  0.000000	  0.000000	  0.000000	  0.000000	

MOTIF 8-NHLLELLTKTDVQQESDDDS OEP_5_core

letter-probability matrix: alength= 20 w= 20 nsites= 207 E= 1.9e-1556
  0.057971	  0.033816	  0.019324	  0.019324	  0.062802	  0.164251	  0.024155	  0.014493	  0.014493	  0.014493	  0.000000	  0.169082	  0.038647	  0.053140	  0.028986	  0.115942	  0.038647	  0.043478	  0.000000	  0.086957	
  0.164251	  0.009662	  0.019324	  0.000000	  0.019324	  0.038647	  0.207729	  0.014493	  0.000000	  0.043478	  0.004831	  0.111111	  0.033816	  0.062802	  0.009662	  0.086957	  0.067633	  0.038647	  0.038647	  0.028986	
  0.053140	  0.028986	  0.004831	  0.000000	  0.033816	  0.000000	  0.014493	  0.086957	  0.000000	  0.565217	  0.091787	  0.000000	  0.009662	  0.028986	  0.004831	  0.014493	  0.038647	  0.019324	  0.000000	  0.004831	
  0.053140	  0.004831	  0.033816	  0.000000	  0.014493	  0.000000	  0.004831	  0.043478	  0.004831	  0.603865	  0.000000	  0.048309	  0.024155	  0.000000	  0.004831	  0.077295	  0.053140	  0.028986	  0.000000	  0.000000	
  0.014493	  0.000000	  0.014493	  0.729469	  0.000000	  0.000000	  0.004831	  0.000000	  0.000000	  0.000000	  0.000000	  0.009662	  0.000000	  0.202899	  0.000000	  0.004831	  0.000000	  0.004831	  0.000000	  0.014493	
  0.009662	  0.000000	  0.000000	  0.000000	  0.000000	  0.000000	  0.000000	  0.067633	  0.000000	  0.797101	  0.009662	  0.000000	  0.000000	  0.000000	  0.000000	  0.000000	  0.111111	  0.000000	  0.000000	  0.004831	
  0.072464	  0.000000	  0.000000	  0.014493	  0.000000	  0.004831	  0.000000	  0.077295	  0.028986	  0.193237	  0.164251	  0.004831	  0.000000	  0.053140	  0.009662	  0.067633	  0.125604	  0.183575	  0.000000	  0.000000	
  0.000000	  0.000000	  0.000000	  0.000000	  0.000000	  0.000000	  0.000000	  0.038647	  0.000000	  0.000000	  0.000000	  0.000000	  0.000000	  0.000000	  0.000000	  0.014493	  0.946860	  0.000000	  0.000000	  0.000000	
  0.000000	  0.000000	  0.000000	  0.000000	  0.000000	  0.004831	  0.000000	  0.004831	  0.966184	  0.004831	  0.000000	  0.000000	  0.000000	  0.000000	  0.004831	  0.004831	  0.000000	  0.004831	  0.000000	  0.004831	
  0.000000	  0.000000	  0.000000	  0.000000	  0.000000	  0.000000	  0.000000	  0.000000	  0.000000	  0.000000	  0.000000	  0.000000	  0.000000	  0.000000	  0.000000	  0.009662	  0.990338	  0.000000	  0.000000	  0.000000	
  0.043478	  0.000000	  0.217391	  0.144928	  0.062802	  0.000000	  0.053140	  0.000000	  0.207729	  0.014493	  0.014493	  0.096618	  0.000000	  0.000000	  0.062802	  0.019324	  0.004831	  0.000000	  0.000000	  0.057971	
  0.251208	  0.000000	  0.000000	  0.000000	  0.000000	  0.000000	  0.004831	  0.019324	  0.000000	  0.004831	  0.000000	  0.004831	  0.000000	  0.077295	  0.000000	  0.062802	  0.149758	  0.420290	  0.000000	  0.004831	
  0.033816	  0.000000	  0.028986	  0.101449	  0.000000	  0.009662	  0.024155	  0.086957	  0.062802	  0.000000	  0.009662	  0.140097	  0.000000	  0.260870	  0.096618	  0.048309	  0.033816	  0.062802	  0.000000	  0.000000	
  0.062802	  0.000000	  0.024155	  0.009662	  0.000000	  0.028986	  0.004831	  0.062802	  0.004831	  0.154589	  0.014493	  0.004831	  0.043478	  0.265700	  0.028986	  0.038647	  0.057971	  0.193237	  0.000000	  0.000000	
  0.000000	  0.000000	  0.000000	  0.995169	  0.000000	  0.000000	  0.000000	  0.000000	  0.004831	  0.000000	  0.000000	  0.000000	  0.000000	  0.000000	  0.000000	  0.000000	  0.000000	  0.000000	  0.000000	  0.000000	
  0.086957	  0.000000	  0.009662	  0.101449	  0.000000	  0.048309	  0.033816	  0.000000	  0.019324	  0.000000	  0.000000	  0.014493	  0.000000	  0.062802	  0.265700	  0.309179	  0.028986	  0.019324	  0.000000	  0.000000	
  0.004831	  0.000000	  0.985507	  0.004831	  0.000000	  0.000000	  0.000000	  0.000000	  0.000000	  0.000000	  0.000000	  0.000000	  0.000000	  0.000000	  0.000000	  0.000000	  0.000000	  0.004831	  0.000000	  0.000000	
  0.000000	  0.000000	  0.946860	  0.048309	  0.000000	  0.000000	  0.000000	  0.000000	  0.004831	  0.000000	  0.000000	  0.000000	  0.000000	  0.000000	  0.000000	  0.000000	  0.000000	  0.000000	  0.000000	  0.000000	
  0.014493	  0.004831	  0.391304	  0.159420	  0.000000	  0.000000	  0.009662	  0.000000	  0.000000	  0.000000	  0.004831	  0.111111	  0.067633	  0.082126	  0.038647	  0.057971	  0.053140	  0.004831	  0.000000	  0.000000	
  0.086957	  0.082126	  0.159420	  0.014493	  0.048309	  0.120773	  0.004831	  0.000000	  0.000000	  0.057971	  0.004831	  0.048309	  0.038647	  0.000000	  0.024155	  0.212560	  0.062802	  0.019324	  0.000000	  0.014493	

MOTIF 9-LLLGTETFTKTYNEGSDSDN OEP_6_core

letter-probability matrix: alength= 20 w= 20 nsites= 39 E= 8.3e-167
  0.076923	  0.000000	  0.025641	  0.000000	  0.000000	  0.000000	  0.025641	  0.000000	  0.025641	  0.282051	  0.051282	  0.025641	  0.025641	  0.051282	  0.179487	  0.051282	  0.051282	  0.128205	  0.000000	  0.000000	
  0.000000	  0.000000	  0.076923	  0.000000	  0.025641	  0.051282	  0.000000	  0.000000	  0.000000	  0.410256	  0.076923	  0.205128	  0.000000	  0.000000	  0.000000	  0.102564	  0.025641	  0.025641	  0.000000	  0.000000	
  0.025641	  0.025641	  0.000000	  0.000000	  0.051282	  0.000000	  0.000000	  0.025641	  0.000000	  0.435897	  0.410256	  0.000000	  0.000000	  0.000000	  0.000000	  0.000000	  0.000000	  0.025641	  0.000000	  0.000000	
  0.128205	  0.000000	  0.256410	  0.076923	  0.000000	  0.282051	  0.000000	  0.000000	  0.000000	  0.000000	  0.000000	  0.000000	  0.000000	  0.000000	  0.000000	  0.230769	  0.000000	  0.025641	  0.000000	  0.000000	
  0.000000	  0.000000	  0.000000	  0.000000	  0.000000	  0.025641	  0.000000	  0.000000	  0.000000	  0.000000	  0.000000	  0.000000	  0.000000	  0.000000	  0.000000	  0.025641	  0.948718	  0.000000	  0.000000	  0.000000	
  0.076923	  0.000000	  0.000000	  0.358974	  0.000000	  0.051282	  0.000000	  0.025641	  0.000000	  0.025641	  0.051282	  0.076923	  0.000000	  0.102564	  0.000000	  0.153846	  0.051282	  0.025641	  0.000000	  0.000000	
  0.000000	  0.000000	  0.000000	  0.000000	  0.000000	  0.000000	  0.000000	  0.000000	  0.000000	  0.000000	  0.000000	  0.000000	  0.000000	  0.000000	  0.000000	  0.025641	  0.974359	  0.000000	  0.000000	  0.000000	
  0.025641	  0.000000	  0.076923	  0.051282	  0.230769	  0.102564	  0.102564	  0.025641	  0.000000	  0.179487	  0.051282	  0.000000	  0.000000	  0.025641	  0.076923	  0.000000	  0.000000	  0.025641	  0.000000	  0.025641	
  0.000000	  0.000000	  0.000000	  0.000000	  0.000000	  0.000000	  0.000000	  0.000000	  0.000000	  0.000000	  0.000000	  0.025641	  0.000000	  0.000000	  0.000000	  0.000000	  0.974359	  0.000000	  0.000000	  0.000000	
  0.025641	  0.000000	  0.025641	  0.051282	  0.128205	  0.000000	  0.000000	  0.000000	  0.384615	  0.128205	  0.000000	  0.000000	  0.000000	  0.025641	  0.179487	  0.051282	  0.000000	  0.000000	  0.000000	  0.000000	
  0.051282	  0.000000	  0.025641	  0.000000	  0.000000	  0.025641	  0.000000	  0.025641	  0.025641	  0.000000	  0.000000	  0.025641	  0.000000	  0.025641	  0.000000	  0.076923	  0.461538	  0.179487	  0.000000	  0.076923	
  0.025641	  0.000000	  0.076923	  0.051282	  0.076923	  0.102564	  0.051282	  0.051282	  0.025641	  0.025641	  0.000000	  0.102564	  0.000000	  0.102564	  0.000000	  0.102564	  0.076923	  0.000000	  0.000000	  0.128205	
  0.025641	  0.000000	  0.051282	  0.000000	  0.025641	  0.179487	  0.000000	  0.051282	  0.051282	  0.051282	  0.000000	  0.230769	  0.000000	  0.025641	  0.051282	  0.000000	  0.205128	  0.051282	  0.000000	  0.000000	
  0.000000	  0.000000	  0.051282	  0.923077	  0.000000	  0.000000	  0.000000	  0.000000	  0.000000	  0.000000	  0.000000	  0.000000	  0.000000	  0.000000	  0.000000	  0.000000	  0.025641	  0.000000	  0.000000	  0.000000	
  0.076923	  0.000000	  0.051282	  0.076923	  0.000000	  0.179487	  0.000000	  0.000000	  0.000000	  0.000000	  0.000000	  0.000000	  0.179487	  0.051282	  0.000000	  0.153846	  0.051282	  0.179487	  0.000000	  0.000000	
  0.051282	  0.000000	  0.000000	  0.000000	  0.000000	  0.025641	  0.000000	  0.000000	  0.000000	  0.000000	  0.000000	  0.000000	  0.025641	  0.000000	  0.000000	  0.615385	  0.282051	  0.000000	  0.000000	  0.000000	
  0.000000	  0.000000	  1.000000	  0.000000	  0.000000	  0.000000	  0.000000	  0.000000	  0.000000	  0.000000	  0.000000	  0.000000	  0.000000	  0.000000	  0.000000	  0.000000	  0.000000	  0.000000	  0.000000	  0.000000	
  0.025641	  0.051282	  0.000000	  0.025641	  0.000000	  0.000000	  0.000000	  0.000000	  0.025641	  0.051282	  0.000000	  0.051282	  0.000000	  0.025641	  0.000000	  0.641026	  0.076923	  0.025641	  0.000000	  0.000000	
  0.000000	  0.025641	  0.923077	  0.025641	  0.000000	  0.000000	  0.000000	  0.000000	  0.000000	  0.000000	  0.000000	  0.000000	  0.000000	  0.000000	  0.000000	  0.025641	  0.000000	  0.000000	  0.000000	  0.000000	
  0.051282	  0.000000	  0.025641	  0.025641	  0.025641	  0.000000	  0.051282	  0.000000	  0.025641	  0.025641	  0.000000	  0.282051	  0.102564	  0.076923	  0.102564	  0.153846	  0.000000	  0.000000	  0.000000	  0.051282	



MOTIF 10-GTRATKKCDVETGEDQK Group7_core

letter-probability matrix: alength= 20 w= 17 nsites= 55 E= 1.2e-001
  0.024476	  0.048651	  0.000249	  0.000332	  0.024370	  0.462091	  0.000083	  0.048731	  0.024693	  0.000242	  0.000097	  0.073064	  0.097379	  0.000127	  0.024461	  0.048794	  0.121732	  0.000189	  0.000066	  0.000174	
  0.048780	  0.000044	  0.194678	  0.048939	  0.000066	  0.073234	  0.024386	  0.024427	  0.073300	  0.024545	  0.000097	  0.000153	  0.000164	  0.000127	  0.073068	  0.000187	  0.389072	  0.024493	  0.000066	  0.000174	
  0.024476	  0.000044	  0.000249	  0.000332	  0.000066	  0.048931	  0.000083	  0.000123	  0.000389	  0.073152	  0.048704	  0.000153	  0.218897	  0.097341	  0.461925	  0.000187	  0.000215	  0.000189	  0.000066	  0.024477	
  0.486244	  0.000044	  0.000249	  0.000332	  0.000066	  0.073234	  0.000083	  0.000123	  0.048997	  0.048849	  0.024401	  0.000153	  0.000164	  0.073037	  0.024461	  0.000187	  0.048822	  0.170314	  0.000066	  0.000174	
  0.000173	  0.000044	  0.000249	  0.000332	  0.000066	  0.000323	  0.000083	  0.000123	  0.000389	  0.000242	  0.000097	  0.000153	  0.000164	  0.000127	  0.000157	  0.146009	  0.850840	  0.000189	  0.000066	  0.000174	
  0.000173	  0.000044	  0.000249	  0.000332	  0.000066	  0.000323	  0.000083	  0.000123	  0.996836	  0.000242	  0.000097	  0.000153	  0.000164	  0.000127	  0.000157	  0.000187	  0.000215	  0.000189	  0.000066	  0.000174	
  0.000173	  0.000044	  0.000249	  0.000332	  0.000066	  0.000323	  0.000083	  0.000123	  0.996836	  0.000242	  0.000097	  0.000153	  0.000164	  0.000127	  0.000157	  0.000187	  0.000215	  0.000189	  0.000066	  0.000174	
  0.097387	  0.486116	  0.000249	  0.073242	  0.000066	  0.000323	  0.024386	  0.000123	  0.000389	  0.024545	  0.000097	  0.170278	  0.000164	  0.121645	  0.000157	  0.000187	  0.000215	  0.000189	  0.000066	  0.000174	
  0.000173	  0.000044	  0.996696	  0.000332	  0.000066	  0.000323	  0.000083	  0.000123	  0.000389	  0.000242	  0.000097	  0.000153	  0.000164	  0.000127	  0.000157	  0.000187	  0.000215	  0.000189	  0.000066	  0.000174	
  0.000173	  0.000044	  0.000249	  0.000332	  0.000066	  0.000323	  0.000083	  0.145945	  0.000389	  0.170367	  0.024401	  0.000153	  0.000164	  0.024430	  0.097371	  0.000187	  0.000215	  0.534868	  0.000066	  0.000174	
  0.000173	  0.000044	  0.000249	  0.996779	  0.000066	  0.000323	  0.000083	  0.000123	  0.000389	  0.000242	  0.000097	  0.000153	  0.000164	  0.000127	  0.000157	  0.000187	  0.000215	  0.000189	  0.000066	  0.000174	
  0.000173	  0.000044	  0.000249	  0.000332	  0.000066	  0.000323	  0.000083	  0.000123	  0.000389	  0.000242	  0.000097	  0.000153	  0.000164	  0.000127	  0.000157	  0.000187	  0.996661	  0.000189	  0.000066	  0.000174	
  0.000173	  0.000044	  0.000249	  0.000332	  0.000066	  0.996770	  0.000083	  0.000123	  0.000389	  0.000242	  0.000097	  0.000153	  0.000164	  0.000127	  0.000157	  0.000187	  0.000215	  0.000189	  0.000066	  0.000174	
  0.000173	  0.000044	  0.000249	  0.996779	  0.000066	  0.000323	  0.000083	  0.000123	  0.000389	  0.000242	  0.000097	  0.000153	  0.000164	  0.000127	  0.000157	  0.000187	  0.000215	  0.000189	  0.000066	  0.000174	
  0.000173	  0.000044	  0.996696	  0.000332	  0.000066	  0.000323	  0.000083	  0.000123	  0.000389	  0.000242	  0.000097	  0.000153	  0.000164	  0.000127	  0.000157	  0.000187	  0.000215	  0.000189	  0.000066	  0.000174	
  0.000173	  0.000044	  0.000249	  0.000332	  0.000066	  0.000323	  0.000083	  0.000123	  0.000389	  0.048849	  0.024401	  0.024456	  0.000164	  0.875056	  0.024461	  0.000187	  0.000215	  0.000189	  0.000066	  0.000174	
  0.000173	  0.000044	  0.000249	  0.000332	  0.000066	  0.000323	  0.000083	  0.000123	  0.996836	  0.000242	  0.000097	  0.000153	  0.000164	  0.000127	  0.000157	  0.000187	  0.000215	  0.000189	  0.000066	  0.000174	

MOTIF 11-LLRELGTTTSTAGSKTHFDD Group11_core

letter-probability matrix: alength= 20 w= 20 nsites= 765 E= 1.2e-11843
  0.000000	  0.000000	  0.000000	  0.000000	  0.000000	  0.000000	  0.000000	  0.013072	  0.000000	  0.705882	  0.003922	  0.000000	  0.000000	  0.000000	  0.000000	  0.000000	  0.117647	  0.158170	  0.001307	  0.000000	
  0.000000	  0.000000	  0.000000	  0.000000	  0.000000	  0.000000	  0.000000	  0.015686	  0.000000	  0.879739	  0.104575	  0.000000	  0.000000	  0.000000	  0.000000	  0.000000	  0.000000	  0.000000	  0.000000	  0.000000	
  0.075817	  0.000000	  0.000000	  0.000000	  0.000000	  0.000000	  0.002614	  0.000000	  0.002614	  0.237908	  0.031373	  0.000000	  0.000000	  0.000000	  0.648366	  0.000000	  0.001307	  0.000000	  0.000000	  0.000000	
  0.376471	  0.000000	  0.002614	  0.528105	  0.000000	  0.001307	  0.000000	  0.001307	  0.000000	  0.000000	  0.001307	  0.000000	  0.000000	  0.001307	  0.054902	  0.001307	  0.013072	  0.018301	  0.000000	  0.000000	
  0.091503	  0.010458	  0.000000	  0.000000	  0.043137	  0.000000	  0.000000	  0.000000	  0.000000	  0.567320	  0.001307	  0.000000	  0.000000	  0.000000	  0.000000	  0.003922	  0.130719	  0.146405	  0.005229	  0.000000	
  0.019608	  0.000000	  0.000000	  0.000000	  0.000000	  0.971242	  0.000000	  0.000000	  0.000000	  0.000000	  0.000000	  0.000000	  0.000000	  0.000000	  0.000000	  0.009150	  0.000000	  0.000000	  0.000000	  0.000000	
  0.086275	  0.000000	  0.000000	  0.000000	  0.000000	  0.000000	  0.000000	  0.000000	  0.000000	  0.000000	  0.000000	  0.000000	  0.000000	  0.000000	  0.000000	  0.081046	  0.832680	  0.000000	  0.000000	  0.000000	
  0.000000	  0.000000	  0.000000	  0.000000	  0.000000	  0.000000	  0.000000	  0.000000	  0.000000	  0.000000	  0.000000	  0.000000	  0.000000	  0.000000	  0.000000	  0.000000	  1.000000	  0.000000	  0.000000	  0.000000	
  0.120261	  0.003922	  0.000000	  0.000000	  0.000000	  0.000000	  0.000000	  0.000000	  0.000000	  0.000000	  0.000000	  0.000000	  0.000000	  0.000000	  0.000000	  0.000000	  0.870588	  0.005229	  0.000000	  0.000000	
  0.000000	  0.000000	  0.000000	  0.000000	  0.000000	  0.000000	  0.000000	  0.000000	  0.000000	  0.000000	  0.000000	  0.000000	  0.000000	  0.000000	  0.000000	  1.000000	  0.000000	  0.000000	  0.000000	  0.000000	
  0.000000	  0.000000	  0.000000	  0.000000	  0.000000	  0.000000	  0.000000	  0.000000	  0.016993	  0.000000	  0.000000	  0.000000	  0.000000	  0.000000	  0.000000	  0.000000	  0.983007	  0.000000	  0.000000	  0.000000	
  1.000000	  0.000000	  0.000000	  0.000000	  0.000000	  0.000000	  0.000000	  0.000000	  0.000000	  0.000000	  0.000000	  0.000000	  0.000000	  0.000000	  0.000000	  0.000000	  0.000000	  0.000000	  0.000000	  0.000000	
  0.000000	  0.000000	  0.000000	  0.000000	  0.000000	  1.000000	  0.000000	  0.000000	  0.000000	  0.000000	  0.000000	  0.000000	  0.000000	  0.000000	  0.000000	  0.000000	  0.000000	  0.000000	  0.000000	  0.000000	
  0.000000	  0.000000	  0.000000	  0.000000	  0.000000	  0.000000	  0.000000	  0.000000	  0.000000	  0.000000	  0.000000	  0.000000	  0.000000	  0.000000	  0.000000	  1.000000	  0.000000	  0.000000	  0.000000	  0.000000	
  0.053595	  0.000000	  0.000000	  0.000000	  0.000000	  0.000000	  0.000000	  0.000000	  0.850980	  0.000000	  0.000000	  0.000000	  0.000000	  0.095425	  0.000000	  0.000000	  0.000000	  0.000000	  0.000000	  0.000000	
  0.000000	  0.000000	  0.000000	  0.000000	  0.000000	  0.000000	  0.000000	  0.000000	  0.000000	  0.000000	  0.000000	  0.000000	  0.000000	  0.000000	  0.000000	  0.000000	  1.000000	  0.000000	  0.000000	  0.000000	
  0.000000	  0.000000	  0.000000	  0.000000	  0.000000	  0.000000	  1.000000	  0.000000	  0.000000	  0.000000	  0.000000	  0.000000	  0.000000	  0.000000	  0.000000	  0.000000	  0.000000	  0.000000	  0.000000	  0.000000	
  0.000000	  0.000000	  0.000000	  0.000000	  0.942484	  0.000000	  0.000000	  0.000000	  0.000000	  0.000000	  0.000000	  0.001307	  0.000000	  0.000000	  0.000000	  0.000000	  0.000000	  0.000000	  0.056209	  0.000000	
  0.000000	  0.000000	  1.000000	  0.000000	  0.000000	  0.000000	  0.000000	  0.000000	  0.000000	  0.000000	  0.000000	  0.000000	  0.000000	  0.000000	  0.000000	  0.000000	  0.000000	  0.000000	  0.000000	  0.000000	
  0.000000	  0.000000	  1.000000	  0.000000	  0.000000	  0.000000	  0.000000	  0.000000	  0.000000	  0.000000	  0.000000	  0.000000	  0.000000	  0.000000	  0.000000	  0.000000	  0.000000	  0.000000	  0.000000	  0.000000	

MOTIF 12-LRHSTGTTSTNT Group13_core

letter-probability matrix: alength= 20 w= 12 nsites= 56 E= 1.2e-001
  0.007182	  0.000115	  0.011872	  0.002150	  0.002134	  0.006563	  0.002199	  0.002085	  0.001532	  0.914334	  0.002345	  0.001483	  0.009005	  0.002753	  0.007214	  0.007703	  0.010536	  0.006986	  0.000066	  0.001743	
  0.007182	  0.000115	  0.011872	  0.002150	  0.002134	  0.006563	  0.002199	  0.002085	  0.001532	  0.005244	  0.002345	  0.001483	  0.009005	  0.002753	  0.916305	  0.007703	  0.010536	  0.006986	  0.000066	  0.001743	
  0.007182	  0.000115	  0.011872	  0.002150	  0.002134	  0.006563	  0.911290	  0.002085	  0.001532	  0.005244	  0.002345	  0.001483	  0.009005	  0.002753	  0.007214	  0.007703	  0.010536	  0.006986	  0.000066	  0.001743	
  0.007182	  0.000115	  0.011872	  0.002150	  0.002134	  0.006563	  0.002199	  0.002085	  0.001532	  0.005244	  0.002345	  0.001483	  0.009005	  0.002753	  0.007214	  0.916793	  0.010536	  0.006986	  0.000066	  0.001743	
  0.007182	  0.000115	  0.011872	  0.002150	  0.002134	  0.006563	  0.002199	  0.002085	  0.001532	  0.005244	  0.002345	  0.001483	  0.009005	  0.002753	  0.007214	  0.007703	  0.919627	  0.006986	  0.000066	  0.001743	
  0.007182	  0.000115	  0.011872	  0.002150	  0.002134	  0.915654	  0.002199	  0.002085	  0.001532	  0.005244	  0.002345	  0.001483	  0.009005	  0.002753	  0.007214	  0.007703	  0.010536	  0.006986	  0.000066	  0.001743	
  0.007182	  0.000115	  0.011872	  0.002150	  0.002134	  0.006563	  0.002199	  0.002085	  0.001532	  0.005244	  0.002345	  0.001483	  0.009005	  0.002753	  0.007214	  0.007703	  0.919627	  0.006986	  0.000066	  0.001743	
  0.007182	  0.000115	  0.011872	  0.002150	  0.002134	  0.006563	  0.002199	  0.002085	  0.001532	  0.005244	  0.002345	  0.001483	  0.009005	  0.002753	  0.007214	  0.007703	  0.919627	  0.006986	  0.000066	  0.001743	
  0.007182	  0.000115	  0.011872	  0.002150	  0.002134	  0.006563	  0.002199	  0.002085	  0.001532	  0.005244	  0.002345	  0.001483	  0.009005	  0.002753	  0.007214	  0.916793	  0.010536	  0.006986	  0.000066	  0.001743	
  0.007182	  0.000115	  0.011872	  0.002150	  0.002134	  0.006563	  0.002199	  0.002085	  0.001532	  0.005244	  0.002345	  0.001483	  0.009005	  0.002753	  0.007214	  0.007703	  0.919627	  0.006986	  0.000066	  0.001743	
  0.007182	  0.000115	  0.011872	  0.002150	  0.002134	  0.006563	  0.002199	  0.002085	  0.001532	  0.005244	  0.002345	  0.910574	  0.009005	  0.002753	  0.007214	  0.007703	  0.010536	  0.006986	  0.000066	  0.001743	
  0.007182	  0.000115	  0.011872	  0.002150	  0.002134	  0.006563	  0.002199	  0.002085	  0.001532	  0.005244	  0.002345	  0.001483	  0.009005	  0.002753	  0.007214	  0.007703	  0.919627	  0.006986	  0.000066	  0.001743	



MOTIF 13-GGKGDTTHATGPNGDDPGDP Group16(Thatisin)_core

letter-probability matrix: alength= 20 w= 20 nsites= 17 E= 1.7e-132
  0.000000	  0.000000	  0.000000	  0.000000	  0.000000	  0.823529	  0.000000	  0.000000	  0.000000	  0.000000	  0.117647	  0.000000	  0.000000	  0.000000	  0.058824	  0.000000	  0.000000	  0.000000	  0.000000	  0.000000	
  0.000000	  0.000000	  0.000000	  0.000000	  0.000000	  0.764706	  0.000000	  0.000000	  0.000000	  0.000000	  0.000000	  0.000000	  0.058824	  0.000000	  0.058824	  0.117647	  0.000000	  0.000000	  0.000000	  0.000000	
  0.058824	  0.000000	  0.000000	  0.000000	  0.000000	  0.000000	  0.000000	  0.058824	  0.764706	  0.000000	  0.000000	  0.000000	  0.058824	  0.000000	  0.058824	  0.000000	  0.000000	  0.000000	  0.000000	  0.000000	
  0.000000	  0.000000	  0.000000	  0.000000	  0.000000	  0.529412	  0.000000	  0.000000	  0.000000	  0.058824	  0.000000	  0.000000	  0.294118	  0.117647	  0.000000	  0.000000	  0.000000	  0.000000	  0.000000	  0.000000	
  0.000000	  0.000000	  0.764706	  0.000000	  0.000000	  0.058824	  0.000000	  0.058824	  0.000000	  0.000000	  0.000000	  0.058824	  0.000000	  0.000000	  0.000000	  0.058824	  0.000000	  0.000000	  0.000000	  0.000000	
  0.000000	  0.000000	  0.000000	  0.000000	  0.000000	  0.000000	  0.117647	  0.000000	  0.000000	  0.000000	  0.000000	  0.058824	  0.000000	  0.000000	  0.000000	  0.058824	  0.647059	  0.117647	  0.000000	  0.000000	
  0.000000	  0.000000	  0.000000	  0.000000	  0.000000	  0.000000	  0.000000	  0.000000	  0.000000	  0.000000	  0.000000	  0.000000	  0.000000	  0.000000	  0.000000	  0.000000	  0.882353	  0.000000	  0.000000	  0.117647	
  0.000000	  0.000000	  0.000000	  0.000000	  0.000000	  0.000000	  0.823529	  0.000000	  0.000000	  0.000000	  0.000000	  0.058824	  0.000000	  0.000000	  0.000000	  0.117647	  0.000000	  0.000000	  0.000000	  0.000000	
  0.882353	  0.000000	  0.000000	  0.000000	  0.000000	  0.000000	  0.000000	  0.000000	  0.000000	  0.000000	  0.000000	  0.117647	  0.000000	  0.000000	  0.000000	  0.000000	  0.000000	  0.000000	  0.000000	  0.000000	
  0.000000	  0.000000	  0.000000	  0.000000	  0.000000	  0.000000	  0.000000	  0.000000	  0.000000	  0.000000	  0.000000	  0.117647	  0.000000	  0.000000	  0.000000	  0.000000	  0.882353	  0.000000	  0.000000	  0.000000	
  0.117647	  0.000000	  0.000000	  0.000000	  0.000000	  0.882353	  0.000000	  0.000000	  0.000000	  0.000000	  0.000000	  0.000000	  0.000000	  0.000000	  0.000000	  0.000000	  0.000000	  0.000000	  0.000000	  0.000000	
  0.000000	  0.000000	  0.000000	  0.000000	  0.000000	  0.000000	  0.000000	  0.000000	  0.000000	  0.117647	  0.000000	  0.000000	  0.882353	  0.000000	  0.000000	  0.000000	  0.000000	  0.000000	  0.000000	  0.000000	
  0.000000	  0.000000	  0.000000	  0.000000	  0.000000	  0.058824	  0.000000	  0.000000	  0.000000	  0.000000	  0.000000	  0.823529	  0.117647	  0.000000	  0.000000	  0.000000	  0.000000	  0.000000	  0.000000	  0.000000	
  0.000000	  0.000000	  0.000000	  0.000000	  0.000000	  0.882353	  0.000000	  0.000000	  0.000000	  0.000000	  0.000000	  0.000000	  0.000000	  0.117647	  0.000000	  0.000000	  0.000000	  0.000000	  0.000000	  0.000000	
  0.000000	  0.000000	  1.000000	  0.000000	  0.000000	  0.000000	  0.000000	  0.000000	  0.000000	  0.000000	  0.000000	  0.000000	  0.000000	  0.000000	  0.000000	  0.000000	  0.000000	  0.000000	  0.000000	  0.000000	
  0.000000	  0.000000	  0.882353	  0.117647	  0.000000	  0.000000	  0.000000	  0.000000	  0.000000	  0.000000	  0.000000	  0.000000	  0.000000	  0.000000	  0.000000	  0.000000	  0.000000	  0.000000	  0.000000	  0.000000	
  0.117647	  0.000000	  0.000000	  0.000000	  0.000000	  0.000000	  0.000000	  0.000000	  0.000000	  0.000000	  0.000000	  0.000000	  0.882353	  0.000000	  0.000000	  0.000000	  0.000000	  0.000000	  0.000000	  0.000000	
  0.352941	  0.000000	  0.000000	  0.000000	  0.000000	  0.588235	  0.000000	  0.000000	  0.000000	  0.000000	  0.000000	  0.000000	  0.000000	  0.000000	  0.000000	  0.058824	  0.000000	  0.000000	  0.000000	  0.000000	
  0.000000	  0.000000	  0.882353	  0.000000	  0.000000	  0.000000	  0.000000	  0.000000	  0.000000	  0.000000	  0.000000	  0.000000	  0.000000	  0.000000	  0.117647	  0.000000	  0.000000	  0.000000	  0.000000	  0.000000	
  0.000000	  0.000000	  0.000000	  0.000000	  0.000000	  0.000000	  0.000000	  0.000000	  0.000000	  0.000000	  0.000000	  0.000000	  1.000000	  0.000000	  0.000000	  0.000000	  0.000000	  0.000000	  0.000000	  0.000000	



MOTIF 14-GSSKTI Group21_core

letter-probability matrix: alength= 20 w= 6 nsites= 7 E= 2.9e-004
  0.007533	  0.000011	  0.012691	  0.004095	  0.001300	  0.919846	  0.000226	  0.006244	  0.003235	  0.006028	  0.003020	  0.001945	  0.007103	  0.002375	  0.007963	  0.004309	  0.008607	  0.003235	  0.000011	  0.000226	
  0.007533	  0.000011	  0.012691	  0.004095	  0.001300	  0.010755	  0.000226	  0.006244	  0.003235	  0.006028	  0.003020	  0.001945	  0.007103	  0.002375	  0.007963	  0.913400	  0.008607	  0.003235	  0.000011	  0.000226	
  0.007533	  0.000011	  0.012691	  0.004095	  0.001300	  0.010755	  0.000226	  0.006244	  0.003235	  0.006028	  0.003020	  0.001945	  0.007103	  0.002375	  0.007963	  0.913400	  0.008607	  0.003235	  0.000011	  0.000226	
  0.007533	  0.000011	  0.012691	  0.004095	  0.001300	  0.010755	  0.000226	  0.006244	  0.912326	  0.006028	  0.003020	  0.001945	  0.007103	  0.002375	  0.007963	  0.004309	  0.008607	  0.003235	  0.000011	  0.000226	
  0.007533	  0.000011	  0.012691	  0.004095	  0.001300	  0.010755	  0.000226	  0.006244	  0.003235	  0.006028	  0.003020	  0.001945	  0.007103	  0.002375	  0.007963	  0.004309	  0.917698	  0.003235	  0.000011	  0.000226	
  0.007533	  0.000011	  0.012691	  0.004095	  0.001300	  0.010755	  0.000226	  0.915335	  0.003235	  0.006028	  0.003020	  0.001945	  0.007103	  0.002375	  0.007963	  0.004309	  0.008607	  0.003235	  0.000011	  0.000226	

