********************************************************************************
STREME - Sensitive, Thorough, Rapid, Enriched Motif Elicitation
********************************************************************************
MEME version 5.5.8 (Release date: Thu May 15 15:01:46 2025 -0700)

For further information on how to interpret these results please access https://meme-suite.org/meme.
To get a copy of the MEME Suite software please access https://meme-suite.org.

********************************************************************************


********************************************************************************
REFERENCE
********************************************************************************
If you use this program in your research, please cite:

Timothy L. Bailey,
"STREME: accurate and versatile sequence motif discovery",
Bioinformatics, Mar. 24, 2021.
********************************************************************************


ALPHABET= ACDEFGHIKLMNPQRSTVWY

strands: +

Background letter frequencies
A 0.117 C 0.00501 D 0.0606 E 0.063 F 0.0298 G 0.0825 H 0.0186 I 0.0341 K 0.0354 L 0.0891 M 0.0231 N 0.0519 P 0.0588 Q 0.03 R 0.0729 S 0.0788 T 0.0574 V 0.0595 W 0.0208 Y 0.0118 

MOTIF 1-SMAWPR STREME-1
letter-probability matrix: alength= 20 w= 6 nsites= 15 S= 7.3e-008
 0.133789 0.000037 0.000453 0.000712 0.000315 0.000361 0.000204 0.000472 0.000656 0.000536 0.000527 0.000564 0.000629 0.000324 0.000472 0.858341 0.000647 0.000546 0.000287 0.000130
 0.000860 0.000037 0.000453 0.000712 0.000315 0.000361 0.000204 0.066936 0.000656 0.067001 0.858009 0.000564 0.000629 0.000324 0.000472 0.000860 0.000647 0.000546 0.000287 0.000130
 0.450414 0.000037 0.000453 0.000712 0.000315 0.000361 0.000204 0.000472 0.000656 0.000536 0.066992 0.000564 0.000629 0.408251 0.066936 0.000860 0.000647 0.000546 0.000287 0.000130
 0.000860 0.000037 0.000453 0.000712 0.000315 0.000361 0.000204 0.000472 0.000656 0.000536 0.000527 0.000564 0.000629 0.000324 0.000472 0.000860 0.000647 0.000546 0.990698 0.000130
 0.000860 0.000037 0.000453 0.000712 0.000315 0.000361 0.000204 0.000472 0.000656 0.000536 0.000527 0.408491 0.516648 0.000324 0.000472 0.000860 0.000647 0.000546 0.000287 0.066595
 0.000860 0.000037 0.000453 0.000712 0.000315 0.000361 0.000204 0.000472 0.067121 0.000536 0.000527 0.000564 0.000629 0.000324 0.924418 0.000860 0.000647 0.000546 0.000287 0.000130

MOTIF 2-HANPALT STREME-2
letter-probability matrix: alength= 20 w= 7 nsites= 13 S= 2.6e-006
 0.001401 0.000061 0.109045 0.001160 0.000513 0.000588 0.659787 0.000768 0.001070 0.000874 0.000859 0.000919 0.001024 0.000528 0.000768 0.001401 0.217668 0.000889 0.000467 0.000212
 0.552549 0.000061 0.000738 0.001160 0.325432 0.000588 0.000332 0.000768 0.001070 0.000874 0.000859 0.000919 0.001024 0.000528 0.000768 0.001401 0.109361 0.000889 0.000467 0.000212
 0.001401 0.000061 0.000738 0.222581 0.000513 0.000588 0.000332 0.000768 0.109376 0.000874 0.000859 0.438953 0.001024 0.000528 0.000768 0.001401 0.109361 0.109195 0.000467 0.000212
 0.001401 0.000061 0.000738 0.001160 0.000513 0.000588 0.000332 0.000768 0.001070 0.000874 0.000859 0.000919 0.985399 0.000528 0.000768 0.001401 0.001055 0.000889 0.000467 0.000212
 0.769162 0.000061 0.217351 0.001160 0.000513 0.000588 0.000332 0.000768 0.001070 0.000874 0.000859 0.000919 0.001024 0.000528 0.000768 0.001401 0.001055 0.000889 0.000467 0.000212
 0.001401 0.000061 0.000738 0.001160 0.217125 0.000588 0.000332 0.000768 0.001070 0.768635 0.000859 0.000919 0.001024 0.000528 0.000768 0.001401 0.001055 0.000889 0.000467 0.000212
 0.001401 0.000061 0.000738 0.109466 0.000513 0.000588 0.000332 0.109075 0.001070 0.000874 0.000859 0.000919 0.001024 0.000528 0.000768 0.001401 0.768816 0.000889 0.000467 0.000212

MOTIF 3-GWNGNVYKYSF STREME-1
letter-probability matrix: alength= 20 w= 11 nsites= 40 S= 9.9e-023
 0.027429 0.000048 0.054573 0.000219 0.000123 0.252656 0.140897 0.000162 0.027528 0.000284 0.027236 0.000226 0.163585 0.027292 0.000181 0.222583 0.027329 0.000242 0.000112 0.027294
 0.000278 0.000048 0.000271 0.000219 0.000123 0.000247 0.000086 0.000162 0.000377 0.000284 0.000086 0.000226 0.000193 0.000141 0.000181 0.000319 0.000178 0.000242 0.996195 0.000144
 0.000278 0.000048 0.279831 0.054521 0.000123 0.000247 0.000086 0.027313 0.027528 0.000284 0.000086 0.363301 0.000193 0.000141 0.000181 0.190862 0.054480 0.000242 0.000112 0.000144
 0.027429 0.000048 0.000271 0.000219 0.027274 0.719764 0.000086 0.000162 0.000377 0.000284 0.000086 0.000226 0.000193 0.000141 0.000181 0.222583 0.000178 0.000242 0.000112 0.000144
 0.000278 0.000048 0.000271 0.000219 0.000123 0.000247 0.000086 0.000162 0.000377 0.000284 0.000086 0.996309 0.000193 0.000141 0.000181 0.000319 0.000178 0.000242 0.000112 0.000144
 0.054580 0.000048 0.000271 0.000219 0.000123 0.000247 0.000086 0.443114 0.000377 0.000284 0.000086 0.000226 0.000193 0.000141 0.000181 0.000319 0.000178 0.499071 0.000112 0.000144
 0.000278 0.000048 0.000271 0.000219 0.000123 0.000247 0.417462 0.000162 0.000377 0.000284 0.000086 0.000226 0.000193 0.000141 0.000181 0.000319 0.000178 0.000242 0.027263 0.551699
 0.000278 0.000048 0.000271 0.000219 0.000123 0.000247 0.000086 0.000162 0.442842 0.000284 0.000086 0.027377 0.000193 0.000141 0.190724 0.168281 0.168140 0.000242 0.000112 0.000144
 0.000278 0.000048 0.000271 0.000219 0.000123 0.000247 0.000086 0.000162 0.000377 0.000284 0.000086 0.000226 0.000193 0.000141 0.000181 0.000319 0.000178 0.000242 0.000112 0.996227
 0.000278 0.000048 0.000271 0.000219 0.000123 0.111845 0.168048 0.000162 0.000377 0.027435 0.000086 0.054528 0.000193 0.000141 0.303898 0.304522 0.027329 0.000242 0.000112 0.000144
 0.000278 0.027199 0.000271 0.000219 0.746792 0.000247 0.027236 0.000162 0.000377 0.000284 0.000086 0.000226 0.000193 0.000141 0.000181 0.027470 0.000178 0.000242 0.000112 0.168106

MOTIF 4-NKALLDC STREME-2
letter-probability matrix: alength= 20 w= 7 nsites= 34 S= 1.7e-016
 0.000296 0.000051 0.029152 0.000233 0.000131 0.000262 0.000091 0.000173 0.058128 0.000302 0.000091 0.590436 0.000205 0.000150 0.029056 0.116310 0.174405 0.000257 0.000119 0.000153
 0.058023 0.028914 0.000288 0.000233 0.000131 0.000262 0.000091 0.000173 0.590060 0.000302 0.000091 0.116212 0.000205 0.146038 0.057920 0.000339 0.000190 0.000257 0.000119 0.000153
 0.909024 0.000051 0.000288 0.000233 0.000131 0.000262 0.000091 0.000173 0.000401 0.000302 0.000091 0.000240 0.000205 0.000150 0.000193 0.087447 0.000190 0.000257 0.000119 0.000153
 0.000296 0.000051 0.000288 0.000233 0.000131 0.000262 0.000091 0.000173 0.000401 0.996138 0.000091 0.000240 0.000205 0.000150 0.000193 0.000339 0.000190 0.000257 0.000119 0.000153
 0.116267 0.000051 0.000288 0.000233 0.000131 0.000262 0.000091 0.118810 0.000401 0.646076 0.000091 0.000240 0.000205 0.086740 0.000193 0.000339 0.000190 0.029121 0.000119 0.000153
 0.087404 0.000051 0.851290 0.000233 0.000131 0.000262 0.000091 0.000173 0.000401 0.000302 0.000091 0.000240 0.000205 0.029013 0.000193 0.029203 0.000190 0.000257 0.000119 0.000153
 0.086886 0.444875 0.000288 0.000233 0.000131 0.000262 0.000091 0.029036 0.000401 0.000302 0.000091 0.000240 0.000205 0.000150 0.000193 0.233336 0.000190 0.202819 0.000119 0.000153

MOTIF 5-IWGYRF STREME-1
letter-probability matrix: alength= 20 w= 6 nsites= 12 S= 3.7e-007
 0.001381 0.000050 0.000921 0.001053 0.000461 0.000461 0.000247 0.388443 0.000905 0.001448 0.000625 0.000724 0.000412 0.096559 0.000806 0.197990 0.306426 0.000527 0.000412 0.000149
 0.001381 0.000050 0.000921 0.001053 0.000461 0.000461 0.000247 0.000428 0.000905 0.001448 0.000625 0.000724 0.000412 0.001086 0.000806 0.000921 0.000757 0.000527 0.986638 0.000149
 0.001381 0.000050 0.000921 0.001053 0.000461 0.306131 0.000247 0.000428 0.191851 0.001448 0.000625 0.197793 0.000412 0.001086 0.000806 0.000921 0.293299 0.000527 0.000412 0.000149
 0.001381 0.000050 0.000921 0.001053 0.095934 0.000461 0.401390 0.000428 0.000905 0.001448 0.000625 0.000724 0.000412 0.001086 0.000806 0.000921 0.000757 0.000527 0.000412 0.489759
 0.001381 0.000050 0.000921 0.001053 0.000461 0.000461 0.000247 0.000428 0.000905 0.001448 0.000625 0.000724 0.000412 0.402228 0.490417 0.096394 0.000757 0.000527 0.000412 0.000149
 0.001381 0.000050 0.000921 0.001053 0.891214 0.000461 0.000247 0.095901 0.000905 0.001448 0.000625 0.000724 0.000412 0.001086 0.000806 0.000921 0.000757 0.000527 0.000412 0.000149

MOTIF 6-LEKVLESSAMAKGDG STREME-1
letter-probability matrix: alength= 20 w= 15 nsites= 38 S= 1.5e-022
 0.006408 0.000077 0.003022 0.009354 0.000151 0.007217 0.000593 0.002580 0.014508 0.918075 0.007511 0.003022 0.001255 0.001549 0.001182 0.011854 0.002138 0.005819 0.002874 0.000813
 0.006408 0.000077 0.003022 0.918445 0.000151 0.007217 0.000593 0.002580 0.014508 0.008984 0.007511 0.003022 0.001255 0.001549 0.001182 0.011854 0.002138 0.005819 0.002874 0.000813
 0.006408 0.000077 0.003022 0.009354 0.000151 0.007217 0.000593 0.002580 0.923599 0.008984 0.007511 0.003022 0.001255 0.001549 0.001182 0.011854 0.002138 0.005819 0.002874 0.000813
 0.006408 0.000077 0.003022 0.009354 0.000151 0.007217 0.000593 0.002580 0.014508 0.008984 0.007511 0.003022 0.001255 0.001549 0.001182 0.011854 0.002138 0.914910 0.002874 0.000813
 0.006408 0.000077 0.003022 0.009354 0.000151 0.007217 0.000593 0.002580 0.014508 0.918075 0.007511 0.003022 0.001255 0.001549 0.001182 0.011854 0.002138 0.005819 0.002874 0.000813
 0.006408 0.000077 0.003022 0.918445 0.000151 0.007217 0.000593 0.002580 0.014508 0.008984 0.007511 0.003022 0.001255 0.001549 0.001182 0.011854 0.002138 0.005819 0.002874 0.000813
 0.006408 0.000077 0.003022 0.009354 0.000151 0.007217 0.000593 0.002580 0.014508 0.008984 0.007511 0.003022 0.001255 0.001549 0.001182 0.920945 0.002138 0.005819 0.002874 0.000813
 0.006408 0.000077 0.003022 0.009354 0.000151 0.007217 0.000593 0.002580 0.014508 0.008984 0.007511 0.003022 0.001255 0.001549 0.001182 0.920945 0.002138 0.005819 0.002874 0.000813
 0.915499 0.000077 0.003022 0.009354 0.000151 0.007217 0.000593 0.002580 0.014508 0.008984 0.007511 0.003022 0.001255 0.001549 0.001182 0.011854 0.002138 0.005819 0.002874 0.000813
 0.006408 0.000077 0.003022 0.009354 0.000151 0.007217 0.000593 0.002580 0.014508 0.008984 0.916602 0.003022 0.001255 0.001549 0.001182 0.011854 0.002138 0.005819 0.002874 0.000813
 0.915499 0.000077 0.003022 0.009354 0.000151 0.007217 0.000593 0.002580 0.014508 0.008984 0.007511 0.003022 0.001255 0.001549 0.001182 0.011854 0.002138 0.005819 0.002874 0.000813
 0.006408 0.000077 0.003022 0.009354 0.000151 0.007217 0.000593 0.002580 0.923599 0.008984 0.007511 0.003022 0.001255 0.001549 0.001182 0.011854 0.002138 0.005819 0.002874 0.000813
 0.006408 0.000077 0.003022 0.009354 0.000151 0.916308 0.000593 0.002580 0.014508 0.008984 0.007511 0.003022 0.001255 0.001549 0.001182 0.011854 0.002138 0.005819 0.002874 0.000813
 0.006408 0.000077 0.912113 0.009354 0.000151 0.007217 0.000593 0.002580 0.014508 0.008984 0.007511 0.003022 0.001255 0.001549 0.001182 0.011854 0.002138 0.005819 0.002874 0.000813
 0.006408 0.000077 0.003022 0.009354 0.000151 0.916308 0.000593 0.002580 0.014508 0.008984 0.007511 0.003022 0.001255 0.001549 0.001182 0.011854 0.002138 0.005819 0.002874 0.000813

MOTIF 7-GGGGWRNGGGG STREME-1
letter-probability matrix: alength= 20 w= 11 nsites= 252 E= 4.4e-007
 0.000068 0.000002 0.004561 0.000023 0.000026 0.658783 0.000008 0.031820 0.000017 0.000048 0.000008 0.181755 0.013650 0.009107 0.040932 0.013674 0.000027 0.000026 0.031827 0.013638
 0.068205 0.000002 0.000019 0.000023 0.000026 0.590646 0.000008 0.000023 0.000017 0.000048 0.000008 0.168127 0.000023 0.000022 0.131782 0.040929 0.000027 0.000026 0.000029 0.000010
 0.013695 0.000002 0.000019 0.000023 0.013654 0.736005 0.000008 0.000023 0.000017 0.009133 0.000008 0.031853 0.013650 0.000022 0.154494 0.000047 0.000027 0.000026 0.027284 0.000010
 0.140884 0.000002 0.000019 0.000023 0.000026 0.822312 0.000008 0.000023 0.022729 0.000048 0.000008 0.000056 0.000023 0.000022 0.000050 0.013674 0.000027 0.000026 0.000029 0.000010
 0.000068 0.000002 0.000019 0.000023 0.413392 0.000124 0.000008 0.000023 0.000017 0.000048 0.000008 0.000056 0.000023 0.000022 0.000050 0.000047 0.000027 0.000026 0.586009 0.000010
 0.145427 0.000002 0.000019 0.000023 0.004569 0.240875 0.045432 0.031820 0.095409 0.000048 0.000008 0.000056 0.000023 0.000022 0.308938 0.004589 0.000027 0.122672 0.000029 0.000010
 0.000068 0.000002 0.068156 0.000023 0.000026 0.000124 0.000008 0.000023 0.000017 0.000048 0.000008 0.872211 0.000023 0.000022 0.059102 0.000047 0.000027 0.000026 0.000029 0.000010
 0.004610 0.000002 0.000019 0.000023 0.000026 0.858652 0.000008 0.000023 0.000017 0.004591 0.000008 0.000056 0.000023 0.000022 0.104527 0.000047 0.004570 0.009111 0.013657 0.000010
 0.004610 0.000002 0.000019 0.000023 0.000026 0.813227 0.009093 0.000023 0.018187 0.000048 0.000008 0.000056 0.000023 0.000022 0.090900 0.054557 0.000027 0.000026 0.000029 0.009095
 0.000068 0.000002 0.004561 0.000023 0.118131 0.654241 0.000008 0.000023 0.000017 0.000048 0.000008 0.013683 0.013650 0.000022 0.031847 0.000047 0.000027 0.000026 0.159016 0.004553
 0.018238 0.000002 0.000019 0.000023 0.068163 0.658783 0.031805 0.018193 0.000017 0.000048 0.000008 0.000056 0.000023 0.000022 0.118155 0.000047 0.000027 0.063620 0.000029 0.022723

MOTIF 8-FLLALSALLC STREME-2
letter-probability matrix: alength= 20 w= 10 nsites= 252 E= 8.8e-007
 0.317045 0.000002 0.000018 0.000022 0.361030 0.000120 0.000007 0.004424 0.000016 0.154134 0.000008 0.000054 0.000022 0.013229 0.000049 0.004448 0.110088 0.035245 0.000028 0.000010
 0.022078 0.000002 0.000018 0.000022 0.092478 0.000120 0.000007 0.079267 0.000016 0.647213 0.022020 0.000054 0.000022 0.000022 0.000049 0.044070 0.000026 0.092477 0.000028 0.000010
 0.079310 0.000002 0.000018 0.000022 0.000026 0.000120 0.000007 0.039644 0.057248 0.669225 0.048435 0.000054 0.000022 0.000022 0.000049 0.013253 0.026441 0.066062 0.000028 0.000010
 0.730879 0.000002 0.000018 0.000022 0.000026 0.000120 0.000007 0.013229 0.000016 0.044072 0.000008 0.000054 0.000022 0.000022 0.000049 0.030863 0.061661 0.118892 0.000028 0.000010
 0.022078 0.026417 0.013226 0.000022 0.000026 0.000120 0.000007 0.096877 0.000016 0.462308 0.000008 0.000054 0.000022 0.000022 0.000049 0.242182 0.096881 0.039647 0.000028 0.000010
 0.242202 0.000002 0.000018 0.000022 0.000026 0.008925 0.000007 0.000022 0.000016 0.092499 0.013215 0.000054 0.008827 0.000022 0.000049 0.594381 0.030844 0.008830 0.000028 0.000010
 0.550377 0.000002 0.000018 0.000022 0.004428 0.013328 0.000007 0.000022 0.000016 0.000047 0.000008 0.000054 0.105682 0.000022 0.000049 0.145328 0.180528 0.000025 0.000028 0.000010
 0.088115 0.000002 0.000018 0.000022 0.026440 0.000120 0.000007 0.057254 0.000016 0.475516 0.013215 0.000054 0.000022 0.000022 0.000049 0.000046 0.000026 0.339016 0.000028 0.000010
 0.096920 0.000002 0.066055 0.000022 0.000026 0.052950 0.004410 0.070462 0.000016 0.321428 0.000008 0.149739 0.004424 0.030839 0.008854 0.061680 0.092478 0.030842 0.008833 0.000010
 0.114530 0.220126 0.000018 0.008827 0.000026 0.008925 0.000007 0.154109 0.000016 0.017657 0.004410 0.000054 0.096877 0.114486 0.000049 0.052875 0.105686 0.083672 0.000028 0.017620

MOTIF 9-SIESRJQRI STREME-3
letter-probability matrix: alength= 20 w= 9 nsites= 253 E= 1.1e-005
 0.105725 0.000002 0.013226 0.017632 0.000026 0.022133 0.000007 0.004424 0.004419 0.004449 0.004410 0.057286 0.118889 0.017632 0.004451 0.321427 0.299395 0.004427 0.000028 0.000010
 0.000066 0.000002 0.000018 0.000022 0.004428 0.000120 0.000007 0.532723 0.000016 0.264196 0.013215 0.000054 0.000022 0.000022 0.000049 0.000046 0.000026 0.184929 0.000028 0.000010
 0.110128 0.000002 0.057251 0.761653 0.000026 0.000120 0.000007 0.000022 0.000016 0.000047 0.000008 0.000054 0.000022 0.066059 0.000049 0.000046 0.004429 0.000025 0.000028 0.000010
 0.224592 0.000002 0.026433 0.092474 0.000026 0.030938 0.004410 0.000022 0.000016 0.017657 0.000008 0.066091 0.000022 0.198134 0.013256 0.273000 0.030844 0.000025 0.000028 0.022022
 0.000066 0.000002 0.092470 0.000022 0.000026 0.000120 0.000007 0.000022 0.022029 0.000047 0.000008 0.013261 0.000022 0.000022 0.871741 0.000046 0.000026 0.000025 0.000028 0.000010
 0.000066 0.000002 0.000018 0.000022 0.000026 0.000120 0.092460 0.361026 0.000016 0.523943 0.004410 0.000054 0.000022 0.000022 0.000049 0.000046 0.000026 0.017635 0.000028 0.000010
 0.061700 0.000002 0.048446 0.202537 0.000026 0.000120 0.000007 0.004424 0.017626 0.008852 0.000008 0.074896 0.013229 0.237756 0.110111 0.198158 0.022039 0.000025 0.000028 0.000010
 0.158555 0.000002 0.008823 0.008827 0.000026 0.096975 0.000007 0.000022 0.083663 0.008852 0.000008 0.013261 0.004424 0.013229 0.479920 0.061680 0.044051 0.013232 0.004431 0.000010
 0.035285 0.000002 0.000018 0.000022 0.000026 0.000120 0.000007 0.576748 0.000016 0.215769 0.052838 0.000054 0.000022 0.000022 0.000049 0.000046 0.000026 0.118892 0.000028 0.000010

MOTIF 10-GFANW STREME-4
letter-probability matrix: alength= 20 w= 5 nsites= 107 E= 1.3e-002
 0.029397 0.000004 0.000040 0.000049 0.000056 0.706346 0.000016 0.000049 0.000036 0.000104 0.000018 0.009870 0.000049 0.000048 0.000108 0.087855 0.039060 0.126811 0.000063 0.000022
 0.000145 0.000004 0.000040 0.000049 0.998650 0.000267 0.000016 0.000049 0.000036 0.000104 0.000018 0.000120 0.000049 0.000048 0.000108 0.000101 0.000058 0.000055 0.000063 0.000022
 0.423462 0.000004 0.000040 0.000049 0.000056 0.000267 0.000016 0.107304 0.000036 0.068357 0.000018 0.000120 0.009799 0.000048 0.048860 0.000101 0.000058 0.292569 0.009814 0.039024
 0.000145 0.000004 0.000040 0.000049 0.000056 0.000267 0.000016 0.000049 0.000036 0.000104 0.000018 0.998713 0.000049 0.000048 0.000108 0.000101 0.000058 0.000055 0.000063 0.000022
 0.087899 0.000004 0.000040 0.000049 0.000056 0.136773 0.009767 0.000049 0.000036 0.000104 0.000018 0.000120 0.000049 0.000048 0.267417 0.000101 0.009809 0.058558 0.429083 0.000022

MOTIF 11-NKWRNS STREME-11
letter-probability matrix: alength= 20 w= 6 nsites= 49 E= 8.3e-001
 0.000401 0.000011 0.000111 0.000136 0.000156 0.000736 0.000045 0.000134 0.000099 0.000286 0.000049 0.781070 0.000134 0.000132 0.027219 0.188733 0.000160 0.000152 0.000174 0.000061
 0.000401 0.000011 0.000111 0.000136 0.000156 0.027658 0.000045 0.000134 0.565462 0.027208 0.000049 0.027252 0.350121 0.000132 0.000297 0.000279 0.000160 0.000152 0.000174 0.000061
 0.000401 0.000011 0.000111 0.000136 0.000156 0.000736 0.000045 0.000134 0.000099 0.000286 0.000049 0.027252 0.000134 0.000132 0.000297 0.000279 0.000160 0.000152 0.969368 0.000061
 0.000401 0.000011 0.000111 0.000136 0.000156 0.323801 0.000045 0.000134 0.000099 0.000286 0.000049 0.027252 0.000134 0.000132 0.377206 0.269499 0.000160 0.000152 0.000174 0.000061
 0.000401 0.000011 0.027033 0.000136 0.000156 0.000736 0.000045 0.000134 0.000099 0.000286 0.000049 0.969524 0.000134 0.000132 0.000297 0.000279 0.000160 0.000152 0.000174 0.000061
 0.000401 0.000011 0.000111 0.000136 0.000156 0.269957 0.000045 0.000134 0.000099 0.000286 0.000049 0.000330 0.000134 0.000132 0.000297 0.700252 0.000160 0.000152 0.027096 0.000061

MOTIF 12-LDSVSGGWVNAFARW STREME-2
letter-probability matrix: alength= 20 w= 15 nsites= 54 E= 1.6e-001
 0.000295 0.000004 0.000154 0.000205 0.000113 0.000174 0.000017 0.045506 0.000377 0.770435 0.068057 0.000236 0.000045 0.113410 0.000166 0.000282 0.000165 0.000231 0.000126 0.000004
 0.000295 0.000004 0.725050 0.136123 0.000113 0.000174 0.000017 0.113465 0.000377 0.000233 0.000098 0.022889 0.000045 0.000145 0.000166 0.000282 0.000165 0.000231 0.000126 0.000004
 0.068253 0.000004 0.000154 0.000205 0.000113 0.000174 0.000017 0.000200 0.045683 0.000233 0.000098 0.000236 0.000045 0.271981 0.000166 0.430688 0.181389 0.000231 0.000126 0.000004
 0.000295 0.000004 0.000154 0.000205 0.000113 0.113439 0.000017 0.407954 0.000377 0.000233 0.000098 0.000236 0.000045 0.000145 0.000166 0.000282 0.000165 0.475944 0.000126 0.000004
 0.181518 0.000004 0.000154 0.000205 0.000113 0.113439 0.000017 0.000200 0.000377 0.000233 0.000098 0.000236 0.000045 0.000145 0.000166 0.679871 0.022818 0.000231 0.000126 0.000004
 0.113559 0.000004 0.000154 0.000205 0.000113 0.883641 0.000017 0.000200 0.000377 0.000233 0.000098 0.000236 0.000045 0.000145 0.000166 0.000282 0.000165 0.000231 0.000126 0.000004
 0.000295 0.000004 0.000154 0.000205 0.000113 0.996906 0.000017 0.000200 0.000377 0.000233 0.000098 0.000236 0.000045 0.000145 0.000166 0.000282 0.000165 0.000231 0.000126 0.000004
 0.000295 0.000004 0.000154 0.000205 0.000113 0.000174 0.000017 0.000200 0.000377 0.000233 0.000098 0.000236 0.000045 0.000145 0.000166 0.000282 0.000165 0.000231 0.996858 0.000004
 0.000295 0.000004 0.000154 0.000205 0.000113 0.000174 0.000017 0.204077 0.000377 0.022886 0.000098 0.000236 0.000045 0.000145 0.000166 0.000282 0.000165 0.770433 0.000126 0.000004
 0.000295 0.000004 0.000154 0.000205 0.000113 0.000174 0.000017 0.000200 0.000377 0.000233 0.000098 0.974314 0.000045 0.000145 0.022819 0.000282 0.000165 0.000231 0.000126 0.000004
 0.838455 0.000004 0.000154 0.000205 0.022766 0.000174 0.000017 0.000200 0.000377 0.000233 0.000098 0.000236 0.000045 0.000145 0.000166 0.000282 0.000165 0.136149 0.000126 0.000004
 0.000295 0.000004 0.000154 0.000205 0.951539 0.000174 0.000017 0.000200 0.000377 0.000233 0.000098 0.000236 0.000045 0.000145 0.000166 0.000282 0.000165 0.000231 0.000126 0.045310
 0.702537 0.000004 0.000154 0.000205 0.000113 0.090786 0.000017 0.000200 0.000377 0.136151 0.000098 0.000236 0.000045 0.000145 0.000166 0.000282 0.000165 0.068190 0.000126 0.000004
 0.000295 0.000004 0.000154 0.000205 0.000113 0.000174 0.000017 0.000200 0.068336 0.000233 0.000098 0.407990 0.000045 0.000145 0.521185 0.000282 0.000165 0.000231 0.000126 0.000004
 0.000295 0.000004 0.000154 0.000205 0.068072 0.000174 0.000017 0.000200 0.000377 0.000233 0.000098 0.000236 0.000045 0.000145 0.000166 0.000282 0.000165 0.000231 0.928899 0.000004

MOTIF 13-KKNQPQRLAEDL STREME-3
letter-probability matrix: alength= 20 w= 12 nsites= 39 E= 3.2e-001
 0.000381 0.000005 0.000200 0.000265 0.000146 0.000225 0.000021 0.000259 0.849824 0.000302 0.000126 0.058880 0.000058 0.000187 0.088077 0.000364 0.000213 0.000299 0.000163 0.000005
 0.000381 0.000005 0.000200 0.000265 0.000146 0.000225 0.000021 0.029546 0.703387 0.000302 0.000126 0.146742 0.000058 0.000187 0.058790 0.000364 0.000213 0.058874 0.000163 0.000005
 0.088243 0.000005 0.000200 0.000265 0.000146 0.000225 0.000021 0.000259 0.000487 0.000302 0.029414 0.498192 0.000058 0.058762 0.000215 0.205376 0.088076 0.029586 0.000163 0.000005
 0.000381 0.000005 0.000200 0.117415 0.000146 0.000225 0.029309 0.000259 0.000487 0.000302 0.000126 0.000305 0.000058 0.703087 0.117365 0.029651 0.000213 0.000299 0.000163 0.000005
 0.000381 0.000005 0.000200 0.000265 0.000146 0.000225 0.029309 0.000259 0.000487 0.000302 0.000126 0.000305 0.702958 0.000187 0.263802 0.000364 0.000213 0.000299 0.000163 0.000005
 0.000381 0.000005 0.000200 0.000265 0.000146 0.000225 0.000021 0.000259 0.293362 0.000302 0.000126 0.000305 0.000058 0.703087 0.000215 0.000364 0.000213 0.000299 0.000163 0.000005
 0.029668 0.000005 0.000200 0.146702 0.000146 0.000225 0.234321 0.029546 0.000487 0.000302 0.000126 0.000305 0.117208 0.000187 0.351665 0.000364 0.000213 0.088161 0.000163 0.000005
 0.000381 0.000005 0.000200 0.000265 0.000146 0.000225 0.000021 0.000259 0.000487 0.996076 0.000126 0.000305 0.000058 0.000187 0.000215 0.000364 0.000213 0.000299 0.000163 0.000005
 0.468981 0.000005 0.000200 0.000265 0.000146 0.000225 0.000021 0.000259 0.000487 0.000302 0.000126 0.000305 0.000058 0.000187 0.000215 0.000364 0.263801 0.263886 0.000163 0.000005
 0.000381 0.000005 0.410224 0.586015 0.000146 0.000225 0.000021 0.000259 0.000487 0.000302 0.000126 0.000305 0.000058 0.000187 0.000215 0.000364 0.000213 0.000299 0.000163 0.000005
 0.029668 0.000005 0.615237 0.029553 0.000146 0.058800 0.000021 0.000259 0.000487 0.000302 0.000126 0.058880 0.000058 0.000187 0.000215 0.205376 0.000213 0.000299 0.000163 0.000005
 0.088243 0.000005 0.000200 0.000265 0.000146 0.000225 0.000021 0.058834 0.000487 0.498189 0.000126 0.000305 0.000058 0.000187 0.000215 0.000364 0.029501 0.322461 0.000163 0.000005

MOTIF 14-AAFNSAJ STREME-1
letter-probability matrix: alength= 20 w= 7 nsites= 925 E= 1.1e-043
 0.480662 0.000001 0.000014 0.000012 0.002414 0.019286 0.000003 0.000005 0.000003 0.002429 0.000004 0.044575 0.048196 0.015664 0.000013 0.183115 0.016875 0.012058 0.174669 0.000001
 0.357792 0.000001 0.000014 0.007239 0.000005 0.331280 0.000003 0.039757 0.022891 0.003634 0.008437 0.019278 0.009649 0.000004 0.014468 0.018084 0.162633 0.004831 0.000001 0.000001
 0.000023 0.000001 0.000014 0.000012 0.970920 0.000012 0.006026 0.000005 0.000003 0.000020 0.000004 0.000004 0.000012 0.000004 0.000013 0.000015 0.000011 0.000012 0.022888 0.000001
 0.012069 0.000001 0.137339 0.033741 0.000005 0.049401 0.000003 0.000005 0.003617 0.000020 0.000004 0.420413 0.000012 0.179491 0.000013 0.098792 0.065059 0.000012 0.000001 0.000001
 0.024115 0.000001 0.000014 0.000012 0.000005 0.000012 0.000003 0.000005 0.000003 0.000020 0.000004 0.173468 0.000012 0.007232 0.000013 0.795057 0.000011 0.000012 0.000001 0.000001
 0.436092 0.018070 0.001218 0.000012 0.072281 0.039764 0.002412 0.000005 0.004822 0.000020 0.000004 0.000004 0.000012 0.000004 0.013264 0.363807 0.007238 0.015672 0.001205 0.024093
 0.042185 0.003615 0.000014 0.000012 0.121670 0.002421 0.006026 0.266224 0.000003 0.367426 0.030120 0.000004 0.014467 0.003618 0.000013 0.006038 0.014466 0.121678 0.000001 0.000001

MOTIF 15-LPDLSGLDLAEL STREME-2
letter-probability matrix: alength= 20 w= 12 nsites= 715 E= 5.8e-027
 0.007804 0.006220 0.001573 0.000015 0.009335 0.001571 0.001559 0.023330 0.000004 0.848979 0.031103 0.000005 0.012454 0.003115 0.000017 0.000019 0.001568 0.051326 0.000001 0.000001
 0.097986 0.000001 0.021786 0.000015 0.003116 0.003125 0.000004 0.161712 0.000004 0.105756 0.000006 0.000005 0.422937 0.000005 0.000017 0.017122 0.000014 0.166386 0.000001 0.000001
 0.015579 0.000001 0.918940 0.049770 0.000006 0.000016 0.000004 0.000007 0.000004 0.000026 0.000006 0.012444 0.000016 0.000005 0.003127 0.000019 0.000014 0.000016 0.000001 0.000001
 0.000030 0.000001 0.000018 0.000015 0.014000 0.000016 0.000004 0.046653 0.000004 0.637518 0.003115 0.000005 0.001570 0.000005 0.000017 0.000019 0.004678 0.289220 0.000001 0.003111
 0.138413 0.000001 0.010902 0.001570 0.000006 0.048216 0.001559 0.001562 0.000004 0.242584 0.000006 0.001560 0.006235 0.003115 0.051327 0.286113 0.197481 0.009345 0.000001 0.000001
 0.164845 0.000001 0.167943 0.113520 0.000006 0.366963 0.027991 0.000007 0.009333 0.007800 0.000006 0.012444 0.000016 0.006225 0.043553 0.032671 0.043550 0.003126 0.000001 0.000001
 0.012469 0.006220 0.000018 0.000015 0.032658 0.000016 0.000004 0.088634 0.000004 0.646847 0.007780 0.000005 0.001570 0.000005 0.023340 0.000019 0.034220 0.133734 0.004666 0.007776
 0.023353 0.000001 0.426049 0.003125 0.000006 0.074649 0.000004 0.000007 0.000004 0.000026 0.000006 0.010889 0.181934 0.003115 0.017120 0.209925 0.045105 0.000016 0.000001 0.004666
 0.052895 0.000001 0.001573 0.000015 0.034213 0.000016 0.003114 0.015555 0.000004 0.786785 0.031103 0.000005 0.037332 0.000005 0.000017 0.004683 0.012452 0.015564 0.004666 0.000001
 0.314112 0.000001 0.153949 0.265896 0.000006 0.071539 0.024882 0.000007 0.009333 0.003135 0.000006 0.001560 0.007790 0.006225 0.059102 0.031116 0.032666 0.018674 0.000001 0.000001
 0.157071 0.000001 0.171052 0.337420 0.003116 0.010900 0.017107 0.003116 0.018663 0.012464 0.001561 0.007780 0.004680 0.065309 0.059102 0.066878 0.055989 0.007790 0.000001 0.000001
 0.000030 0.000001 0.000018 0.000015 0.000006 0.000016 0.000004 0.113512 0.000004 0.803888 0.010890 0.000005 0.000016 0.000005 0.000017 0.000019 0.000014 0.071539 0.000001 0.000001

MOTIF 16-EVITSYDRMHHRHNR STREME-1
letter-probability matrix: alength= 20 w= 15 nsites= 103 E= 3.2e-005
 0.071447 0.023771 0.071392 0.214025 0.011896 0.035698 0.000089 0.000080 0.000065 0.023890 0.023835 0.130863 0.011951 0.166470 0.012076 0.083353 0.083291 0.035766 0.000002 0.000038
 0.095216 0.000003 0.071392 0.011994 0.000012 0.035698 0.000089 0.011964 0.000065 0.023890 0.011951 0.035790 0.011951 0.023860 0.035844 0.012048 0.047638 0.570554 0.000002 0.000038
 0.023911 0.000003 0.000087 0.000110 0.011896 0.095119 0.000089 0.546752 0.011949 0.023890 0.083256 0.047674 0.095140 0.000092 0.000191 0.000164 0.011986 0.035766 0.000002 0.011922
 0.012027 0.000003 0.000087 0.011994 0.023780 0.118887 0.023857 0.000080 0.000065 0.012006 0.000067 0.012021 0.000067 0.000092 0.035844 0.130890 0.582426 0.011998 0.000002 0.023806
 0.202173 0.000003 0.011971 0.000110 0.000012 0.023814 0.000089 0.000080 0.011949 0.023890 0.000067 0.059558 0.000067 0.000092 0.095265 0.570605 0.000102 0.000114 0.000002 0.000038
 0.000142 0.000003 0.000087 0.000110 0.000012 0.000045 0.000089 0.000080 0.000065 0.000122 0.000067 0.000137 0.000067 0.000092 0.000191 0.000164 0.000102 0.000114 0.000002 0.998309
 0.000142 0.000003 0.701254 0.000110 0.000012 0.000045 0.000089 0.000080 0.000065 0.000122 0.000067 0.214052 0.000067 0.000092 0.000191 0.083353 0.000102 0.000114 0.000002 0.000038
 0.000142 0.000003 0.000087 0.000110 0.000012 0.000045 0.000089 0.000080 0.000065 0.000122 0.000067 0.000137 0.000067 0.000092 0.998462 0.000164 0.000102 0.000114 0.000002 0.000038
 0.035795 0.000003 0.000087 0.000110 0.000012 0.000045 0.000089 0.000080 0.000065 0.012006 0.570508 0.000137 0.000067 0.000092 0.000191 0.000164 0.249669 0.130840 0.000002 0.000038
 0.000142 0.000003 0.000087 0.000110 0.035664 0.000045 0.915171 0.000080 0.000065 0.000122 0.000067 0.000137 0.000067 0.000092 0.000191 0.000164 0.000102 0.000114 0.000002 0.047574
 0.000142 0.000003 0.000087 0.000110 0.000012 0.000045 0.558645 0.000080 0.000065 0.000122 0.000067 0.439852 0.000067 0.000092 0.000191 0.000164 0.000102 0.000114 0.000002 0.000038
 0.000142 0.000003 0.000087 0.000110 0.000012 0.000045 0.000089 0.000080 0.023833 0.000122 0.000067 0.000137 0.000067 0.000092 0.974694 0.000164 0.000102 0.000114 0.000002 0.000038
 0.000142 0.000003 0.000087 0.000110 0.000012 0.000045 0.998360 0.000080 0.000065 0.000122 0.000067 0.000137 0.000067 0.000092 0.000191 0.000164 0.000102 0.000114 0.000002 0.000038
 0.000142 0.000003 0.000087 0.000110 0.000012 0.000045 0.000089 0.000080 0.000065 0.000122 0.000067 0.903335 0.000067 0.000092 0.000191 0.095238 0.000102 0.000114 0.000002 0.000038
 0.000142 0.000003 0.000087 0.000110 0.000012 0.000045 0.000089 0.000080 0.000065 0.000122 0.000067 0.000137 0.000067 0.000092 0.998462 0.000164 0.000102 0.000114 0.000002 0.000038

MOTIF 17-NPALQRLISE STREME-2
letter-probability matrix: alength= 20 w= 10 nsites= 100 E= 3.6e-004
 0.000137 0.000003 0.000084 0.000106 0.000012 0.000044 0.057461 0.000077 0.000063 0.000118 0.000065 0.619786 0.000064 0.000089 0.000185 0.321460 0.000098 0.000110 0.000002 0.000036
 0.137838 0.000003 0.000084 0.023056 0.000012 0.000044 0.000086 0.011553 0.011538 0.011593 0.000065 0.000132 0.654143 0.011564 0.000185 0.023109 0.000098 0.114861 0.000002 0.000036
 0.677166 0.000003 0.000084 0.000106 0.000012 0.000044 0.000086 0.034503 0.000063 0.034543 0.000065 0.000132 0.000064 0.000089 0.000185 0.000159 0.000098 0.252561 0.000002 0.000036
 0.000137 0.000003 0.000084 0.000106 0.011487 0.000044 0.000086 0.298429 0.000063 0.642721 0.023015 0.000132 0.000064 0.000089 0.000185 0.000159 0.000098 0.023060 0.000002 0.000036
 0.149313 0.000003 0.000084 0.023056 0.000012 0.000044 0.000086 0.000077 0.068913 0.000118 0.011540 0.023083 0.000064 0.562367 0.080510 0.069009 0.011573 0.000110 0.000002 0.000036
 0.000137 0.000003 0.000084 0.000106 0.000012 0.000044 0.000086 0.000077 0.000063 0.000118 0.000065 0.000132 0.000064 0.000089 0.998515 0.000159 0.000098 0.000110 0.000002 0.000036
 0.000137 0.000003 0.000084 0.000106 0.000012 0.000044 0.000086 0.011553 0.000063 0.929598 0.011540 0.000132 0.000064 0.000089 0.000185 0.011634 0.000098 0.034535 0.000002 0.000036
 0.023088 0.000003 0.000084 0.000106 0.011487 0.000044 0.000086 0.286954 0.045963 0.000118 0.172191 0.000132 0.000064 0.183690 0.252636 0.000159 0.000098 0.023060 0.000002 0.000036
 0.160788 0.000003 0.114835 0.206657 0.000012 0.114794 0.011561 0.000077 0.023013 0.000118 0.023015 0.023083 0.000064 0.057464 0.000185 0.229660 0.034523 0.000110 0.000002 0.000036
 0.000137 0.000003 0.011559 0.482058 0.000012 0.000044 0.000086 0.000077 0.034488 0.000118 0.000065 0.000132 0.000064 0.023039 0.424762 0.000159 0.000098 0.011585 0.000002 0.011512

MOTIF 18-HPVLGEVAA STREME-1
letter-probability matrix: alength= 20 w= 9 nsites= 87 E= 4.7e-004
 0.000342 0.000009 0.000165 0.000160 0.000034 0.000168 0.997865 0.000022 0.000014 0.000226 0.000038 0.000028 0.000276 0.000018 0.000132 0.000094 0.000134 0.000191 0.000018 0.000064
 0.287588 0.000009 0.000165 0.000160 0.000034 0.000168 0.000062 0.000022 0.000014 0.000226 0.000038 0.000028 0.665478 0.000018 0.045487 0.000094 0.000134 0.000191 0.000018 0.000064
 0.000342 0.000009 0.000165 0.000160 0.000034 0.000168 0.000062 0.060495 0.000014 0.000226 0.030274 0.000028 0.000276 0.000018 0.015250 0.000094 0.000134 0.892167 0.000018 0.000064
 0.000342 0.000009 0.000165 0.000160 0.000034 0.000168 0.000062 0.000022 0.000014 0.998030 0.000038 0.000028 0.000276 0.000018 0.000132 0.000094 0.000134 0.000191 0.000018 0.000064
 0.211997 0.000009 0.075756 0.000160 0.000034 0.574661 0.000062 0.000022 0.000014 0.000226 0.000038 0.000028 0.000276 0.000018 0.045487 0.015212 0.075725 0.000191 0.000018 0.000064
 0.257352 0.000009 0.000165 0.695598 0.000034 0.000168 0.000062 0.000022 0.000014 0.000226 0.000038 0.000028 0.000276 0.000018 0.000132 0.000094 0.030371 0.015310 0.000018 0.000064
 0.000342 0.000009 0.000165 0.000160 0.000034 0.000168 0.000062 0.090731 0.000014 0.015345 0.000038 0.000028 0.000276 0.000018 0.000132 0.000094 0.000134 0.892167 0.000018 0.000064
 0.574835 0.000009 0.000165 0.000160 0.015153 0.000168 0.000062 0.000022 0.000014 0.332828 0.000038 0.000028 0.000276 0.000018 0.000132 0.000094 0.060607 0.015310 0.000018 0.000064
 0.771372 0.000009 0.000165 0.000160 0.000034 0.015286 0.000062 0.000022 0.015132 0.000226 0.000038 0.000028 0.015394 0.000018 0.090841 0.000094 0.090844 0.000191 0.000018 0.000064

MOTIF 19-EDAVAYYEDSP STREME-2
letter-probability matrix: alength= 20 w= 11 nsites= 86 E= 4.2e-003
 0.014154 0.000365 0.006840 0.915710 0.001425 0.006951 0.002565 0.000903 0.000587 0.009373 0.001568 0.001173 0.011418 0.000745 0.005463 0.003880 0.005558 0.007917 0.000761 0.002645
 0.014154 0.000365 0.915931 0.006619 0.001425 0.006951 0.002565 0.000903 0.000587 0.009373 0.001568 0.001173 0.011418 0.000745 0.005463 0.003880 0.005558 0.007917 0.000761 0.002645
 0.923245 0.000365 0.006840 0.006619 0.001425 0.006951 0.002565 0.000903 0.000587 0.009373 0.001568 0.001173 0.011418 0.000745 0.005463 0.003880 0.005558 0.007917 0.000761 0.002645
 0.014154 0.000365 0.006840 0.006619 0.001425 0.006951 0.002565 0.000903 0.000587 0.009373 0.001568 0.001173 0.011418 0.000745 0.005463 0.003880 0.005558 0.917008 0.000761 0.002645
 0.923245 0.000365 0.006840 0.006619 0.001425 0.006951 0.002565 0.000903 0.000587 0.009373 0.001568 0.001173 0.011418 0.000745 0.005463 0.003880 0.005558 0.007917 0.000761 0.002645
 0.014154 0.000365 0.006840 0.006619 0.001425 0.006951 0.002565 0.000903 0.000587 0.009373 0.001568 0.001173 0.011418 0.000745 0.005463 0.003880 0.005558 0.007917 0.000761 0.911735
 0.014154 0.000365 0.006840 0.006619 0.001425 0.006951 0.002565 0.000903 0.000587 0.009373 0.001568 0.001173 0.011418 0.000745 0.005463 0.003880 0.005558 0.007917 0.000761 0.911735
 0.014154 0.000365 0.006840 0.915710 0.001425 0.006951 0.002565 0.000903 0.000587 0.009373 0.001568 0.001173 0.011418 0.000745 0.005463 0.003880 0.005558 0.007917 0.000761 0.002645
 0.014154 0.000365 0.915931 0.006619 0.001425 0.006951 0.002565 0.000903 0.000587 0.009373 0.001568 0.001173 0.011418 0.000745 0.005463 0.003880 0.005558 0.007917 0.000761 0.002645
 0.014154 0.000365 0.006840 0.006619 0.001425 0.006951 0.002565 0.000903 0.000587 0.009373 0.001568 0.001173 0.011418 0.000745 0.005463 0.912971 0.005558 0.007917 0.000761 0.002645
 0.014154 0.000365 0.006840 0.006619 0.001425 0.006951 0.002565 0.000903 0.000587 0.009373 0.001568 0.001173 0.920509 0.000745 0.005463 0.003880 0.005558 0.007917 0.000761 0.002645

MOTIF 20-KFDNRPTWDNWNK STREME-1
letter-probability matrix: alength= 20 w= 13 nsites= 153 E= 3.7e-004
 0.097032 0.007456 0.007562 0.000031 0.000032 0.119323 0.000011 0.000021 0.320618 0.000075 0.000024 0.000098 0.268457 0.000018 0.029882 0.044785 0.067183 0.037324 0.000065 0.000002
 0.000122 0.000001 0.000108 0.000031 0.864773 0.000049 0.007465 0.000021 0.000068 0.000075 0.000024 0.000098 0.000089 0.000018 0.000063 0.000057 0.000091 0.000050 0.126795 0.000002
 0.000122 0.000001 0.946850 0.000031 0.000032 0.007503 0.000011 0.000021 0.000068 0.000075 0.000024 0.037371 0.000089 0.000018 0.000063 0.007512 0.000091 0.000050 0.000065 0.000002
 0.000122 0.000001 0.000108 0.000031 0.000032 0.000049 0.000011 0.000021 0.007522 0.000075 0.000024 0.700836 0.000089 0.000018 0.000063 0.290789 0.000091 0.000050 0.000065 0.000002
 0.022486 0.000001 0.000108 0.000031 0.000032 0.000049 0.000011 0.000021 0.022432 0.000075 0.000024 0.000098 0.000089 0.007473 0.931896 0.000057 0.015001 0.000050 0.000065 0.000002
 0.000122 0.000001 0.000108 0.000031 0.000032 0.000049 0.000011 0.000021 0.014977 0.000075 0.000024 0.000098 0.917012 0.000018 0.007518 0.059694 0.000091 0.000050 0.000065 0.000002
 0.029940 0.000001 0.000108 0.000031 0.000032 0.268416 0.000011 0.000021 0.000068 0.000075 0.000024 0.000098 0.000089 0.000018 0.000063 0.164060 0.536827 0.000050 0.000065 0.000002
 0.000122 0.000001 0.000108 0.000031 0.000032 0.000049 0.000011 0.000021 0.000068 0.000075 0.000024 0.000098 0.000089 0.000018 0.000063 0.000057 0.000091 0.000050 0.998990 0.000002
 0.000122 0.000001 0.991578 0.000031 0.000032 0.007503 0.000011 0.000021 0.000068 0.000075 0.000024 0.000098 0.000089 0.000018 0.000063 0.000057 0.000091 0.000050 0.000065 0.000002
 0.000122 0.000001 0.029926 0.000031 0.000032 0.000049 0.000011 0.000021 0.000068 0.000075 0.000024 0.969204 0.000089 0.000018 0.000063 0.000057 0.000091 0.000050 0.000065 0.000002
 0.000122 0.000001 0.000108 0.000031 0.000032 0.000049 0.000011 0.000021 0.014977 0.000075 0.000024 0.000098 0.000089 0.000018 0.007518 0.000057 0.022455 0.007505 0.946807 0.000002
 0.029940 0.000001 0.044836 0.000031 0.000032 0.037322 0.000011 0.000021 0.104433 0.000075 0.000024 0.559198 0.037362 0.007473 0.000063 0.178969 0.000091 0.000050 0.000065 0.000002
 0.007577 0.000001 0.000108 0.000031 0.000032 0.007503 0.000011 0.000021 0.782807 0.000075 0.000024 0.141737 0.000089 0.000018 0.014972 0.029876 0.000091 0.014960 0.000065 0.000002

MOTIF 21-PTFYNWNNRPR STREME-1
letter-probability matrix: alength= 20 w= 11 nsites= 263 E= 1.8e-007
 0.014118 0.001219 0.004526 0.008867 0.002544 0.005823 0.002522 0.001963 0.000194 0.004743 0.001289 0.006267 0.915469 0.001354 0.010481 0.003718 0.005639 0.005639 0.002424 0.001201
 0.014118 0.001219 0.004526 0.008867 0.002544 0.005823 0.002522 0.001963 0.000194 0.004743 0.001289 0.006267 0.006378 0.001354 0.010481 0.003718 0.914730 0.005639 0.002424 0.001201
 0.014118 0.001219 0.004526 0.008867 0.911635 0.005823 0.002522 0.001963 0.000194 0.004743 0.001289 0.006267 0.006378 0.001354 0.010481 0.003718 0.005639 0.005639 0.002424 0.001201
 0.014118 0.001219 0.004526 0.008867 0.002544 0.005823 0.002522 0.001963 0.000194 0.004743 0.001289 0.006267 0.006378 0.001354 0.010481 0.003718 0.005639 0.005639 0.002424 0.910292
 0.014118 0.001219 0.004526 0.008867 0.002544 0.005823 0.002522 0.001963 0.000194 0.004743 0.001289 0.915358 0.006378 0.001354 0.010481 0.003718 0.005639 0.005639 0.002424 0.001201
 0.014118 0.001219 0.004526 0.008867 0.002544 0.005823 0.002522 0.001963 0.000194 0.004743 0.001289 0.006267 0.006378 0.001354 0.010481 0.003718 0.005639 0.005639 0.911515 0.001201
 0.014118 0.001219 0.004526 0.008867 0.002544 0.005823 0.002522 0.001963 0.000194 0.004743 0.001289 0.915358 0.006378 0.001354 0.010481 0.003718 0.005639 0.005639 0.002424 0.001201
 0.014118 0.001219 0.004526 0.008867 0.002544 0.005823 0.002522 0.001963 0.000194 0.004743 0.001289 0.915358 0.006378 0.001354 0.010481 0.003718 0.005639 0.005639 0.002424 0.001201
 0.014118 0.001219 0.004526 0.008867 0.002544 0.005823 0.002522 0.001963 0.000194 0.004743 0.001289 0.006267 0.006378 0.001354 0.919572 0.003718 0.005639 0.005639 0.002424 0.001201
 0.014118 0.001219 0.004526 0.008867 0.002544 0.005823 0.002522 0.001963 0.000194 0.004743 0.001289 0.006267 0.915469 0.001354 0.010481 0.003718 0.005639 0.005639 0.002424 0.001201
 0.014118 0.001219 0.004526 0.008867 0.002544 0.005823 0.002522 0.001963 0.000194 0.004743 0.001289 0.006267 0.006378 0.001354 0.919572 0.003718 0.005639 0.005639 0.002424 0.001201

MOTIF 22-GLTALLHEAEAARR STREME-2
letter-probability matrix: alength= 20 w= 14 nsites= 261 E= 1.8e-007
 0.057584 0.000009 0.061939 0.035438 0.000018 0.840212 0.000018 0.000014 0.000001 0.000033 0.000009 0.000044 0.000045 0.000009 0.000074 0.004448 0.000040 0.000040 0.000017 0.000008
 0.000099 0.000009 0.000032 0.000062 0.000018 0.000041 0.000018 0.013280 0.000001 0.986129 0.000009 0.000044 0.000045 0.000009 0.000074 0.000026 0.000040 0.000040 0.000017 0.000008
 0.247729 0.000009 0.004454 0.017750 0.000018 0.000041 0.000018 0.008858 0.000001 0.000033 0.000009 0.048685 0.000045 0.000009 0.008917 0.070777 0.455501 0.137120 0.000017 0.000008
 0.809317 0.000009 0.008876 0.013328 0.000018 0.000041 0.000018 0.000014 0.000001 0.008877 0.004431 0.000044 0.017733 0.000009 0.008917 0.026558 0.088479 0.013305 0.000017 0.000008
 0.000099 0.000009 0.000032 0.000062 0.000018 0.000041 0.000018 0.000014 0.000001 0.999395 0.000009 0.000044 0.000045 0.000009 0.000074 0.000026 0.000040 0.000040 0.000017 0.000008
 0.000099 0.000009 0.000032 0.000062 0.000018 0.000041 0.000018 0.199002 0.000001 0.800407 0.000009 0.000044 0.000045 0.000009 0.000074 0.000026 0.000040 0.000040 0.000017 0.000008
 0.168133 0.004431 0.017720 0.101767 0.000018 0.004463 0.327242 0.000014 0.004423 0.000033 0.000009 0.000044 0.000045 0.172466 0.159264 0.030980 0.008883 0.000040 0.000017 0.000008
 0.004521 0.000009 0.008876 0.972893 0.000018 0.000041 0.004440 0.000014 0.000001 0.000033 0.000009 0.000044 0.000045 0.000009 0.000074 0.000026 0.000040 0.008883 0.000017 0.000008
 0.999461 0.000009 0.000032 0.000062 0.000018 0.000041 0.000018 0.000014 0.000001 0.000033 0.000009 0.000044 0.000045 0.000009 0.000074 0.000026 0.000040 0.000040 0.000017 0.000008
 0.062006 0.000009 0.044251 0.844656 0.000018 0.004463 0.000018 0.000014 0.000001 0.000033 0.000009 0.000044 0.000045 0.013275 0.022183 0.004448 0.000040 0.000040 0.000017 0.004430
 0.393653 0.000009 0.150378 0.159253 0.000018 0.000041 0.004440 0.004436 0.008845 0.013299 0.000009 0.004466 0.000045 0.039807 0.004496 0.008870 0.084057 0.123854 0.000017 0.000008
 0.990617 0.000009 0.000032 0.000062 0.000018 0.000041 0.000018 0.000014 0.000001 0.000033 0.000009 0.000044 0.000045 0.000009 0.000074 0.000026 0.008883 0.000040 0.000017 0.000008
 0.000099 0.000009 0.000032 0.000062 0.000018 0.000041 0.000018 0.000014 0.000001 0.000033 0.000009 0.000044 0.000045 0.000009 0.990592 0.000026 0.000040 0.000040 0.008861 0.000008
 0.044319 0.000009 0.000032 0.031016 0.000018 0.000041 0.035393 0.004436 0.008845 0.137114 0.000009 0.000044 0.000045 0.132668 0.570506 0.008870 0.004462 0.022149 0.000017 0.000008

MOTIF 23-EGAGAVCAWNHFENI STREME-3
letter-probability matrix: alength= 20 w= 15 nsites= 258 E= 1.8e-007
 0.014118 0.001219 0.004526 0.917958 0.002544 0.005823 0.002522 0.001963 0.000194 0.004743 0.001289 0.006267 0.006378 0.001354 0.010481 0.003718 0.005639 0.005639 0.002424 0.001201
 0.014118 0.001219 0.004526 0.008867 0.002544 0.914914 0.002522 0.001963 0.000194 0.004743 0.001289 0.006267 0.006378 0.001354 0.010481 0.003718 0.005639 0.005639 0.002424 0.001201
 0.923208 0.001219 0.004526 0.008867 0.002544 0.005823 0.002522 0.001963 0.000194 0.004743 0.001289 0.006267 0.006378 0.001354 0.010481 0.003718 0.005639 0.005639 0.002424 0.001201
 0.014118 0.001219 0.004526 0.008867 0.002544 0.914914 0.002522 0.001963 0.000194 0.004743 0.001289 0.006267 0.006378 0.001354 0.010481 0.003718 0.005639 0.005639 0.002424 0.001201
 0.923208 0.001219 0.004526 0.008867 0.002544 0.005823 0.002522 0.001963 0.000194 0.004743 0.001289 0.006267 0.006378 0.001354 0.010481 0.003718 0.005639 0.005639 0.002424 0.001201
 0.014118 0.001219 0.004526 0.008867 0.002544 0.005823 0.002522 0.001963 0.000194 0.004743 0.001289 0.006267 0.006378 0.001354 0.010481 0.003718 0.005639 0.914730 0.002424 0.001201
 0.014118 0.910310 0.004526 0.008867 0.002544 0.005823 0.002522 0.001963 0.000194 0.004743 0.001289 0.006267 0.006378 0.001354 0.010481 0.003718 0.005639 0.005639 0.002424 0.001201
 0.923208 0.001219 0.004526 0.008867 0.002544 0.005823 0.002522 0.001963 0.000194 0.004743 0.001289 0.006267 0.006378 0.001354 0.010481 0.003718 0.005639 0.005639 0.002424 0.001201
 0.014118 0.001219 0.004526 0.008867 0.002544 0.005823 0.002522 0.001963 0.000194 0.004743 0.001289 0.006267 0.006378 0.001354 0.010481 0.003718 0.005639 0.005639 0.911515 0.001201
 0.014118 0.001219 0.004526 0.008867 0.002544 0.005823 0.002522 0.001963 0.000194 0.004743 0.001289 0.915358 0.006378 0.001354 0.010481 0.003718 0.005639 0.005639 0.002424 0.001201
 0.014118 0.001219 0.004526 0.008867 0.002544 0.005823 0.911613 0.001963 0.000194 0.004743 0.001289 0.006267 0.006378 0.001354 0.010481 0.003718 0.005639 0.005639 0.002424 0.001201
 0.014118 0.001219 0.004526 0.008867 0.911635 0.005823 0.002522 0.001963 0.000194 0.004743 0.001289 0.006267 0.006378 0.001354 0.010481 0.003718 0.005639 0.005639 0.002424 0.001201
 0.014118 0.001219 0.004526 0.917958 0.002544 0.005823 0.002522 0.001963 0.000194 0.004743 0.001289 0.006267 0.006378 0.001354 0.010481 0.003718 0.005639 0.005639 0.002424 0.001201
 0.014118 0.001219 0.004526 0.008867 0.002544 0.005823 0.002522 0.001963 0.000194 0.004743 0.001289 0.915358 0.006378 0.001354 0.010481 0.003718 0.005639 0.005639 0.002424 0.001201
 0.014118 0.001219 0.004526 0.008867 0.002544 0.005823 0.002522 0.911054 0.000194 0.004743 0.001289 0.006267 0.006378 0.001354 0.010481 0.003718 0.005639 0.005639 0.002424 0.001201

MOTIF 24-KLESLEZSF STREME-1
letter-probability matrix: alength= 20 w= 9 nsites= 140 E= 3.7e-004
 0.056450 0.000002 0.000037 0.000097 0.000048 0.000014 0.000027 0.000086 0.862007 0.048436 0.000034 0.000148 0.000020 0.000053 0.032247 0.000149 0.000078 0.000017 0.000036 0.000012
 0.000064 0.000002 0.000037 0.000097 0.000048 0.000014 0.000027 0.000086 0.000107 0.998943 0.000034 0.000148 0.000020 0.000053 0.000027 0.000149 0.000078 0.000017 0.000036 0.000012
 0.040340 0.000002 0.088644 0.459240 0.000048 0.072510 0.008082 0.000086 0.064548 0.024271 0.000034 0.096809 0.000020 0.136991 0.000027 0.008204 0.000078 0.000017 0.000036 0.000012
 0.128947 0.000002 0.000037 0.000097 0.000048 0.000014 0.000027 0.000086 0.000107 0.000105 0.000034 0.000148 0.000020 0.000053 0.000027 0.862049 0.000078 0.000017 0.000036 0.008067
 0.000064 0.000002 0.000037 0.000097 0.000048 0.000014 0.000027 0.000086 0.000107 0.998943 0.000034 0.000148 0.000020 0.000053 0.000027 0.000149 0.000078 0.000017 0.000036 0.000012
 0.056450 0.000002 0.104754 0.620343 0.000048 0.048345 0.000027 0.000086 0.048437 0.000105 0.048365 0.000148 0.000020 0.024219 0.000027 0.000149 0.000078 0.048348 0.000036 0.000012
 0.104781 0.000002 0.000037 0.427020 0.000048 0.000014 0.000027 0.000086 0.048437 0.000105 0.000034 0.000148 0.000020 0.290038 0.008082 0.080700 0.040354 0.000017 0.000036 0.000012
 0.000064 0.000002 0.000037 0.000097 0.008103 0.000014 0.000027 0.000086 0.000107 0.000105 0.000034 0.000148 0.000020 0.000053 0.000027 0.990932 0.000078 0.000017 0.000036 0.000012
 0.000064 0.000002 0.000037 0.000097 0.998886 0.000014 0.000027 0.000086 0.000107 0.000105 0.000034 0.000148 0.000020 0.000053 0.000027 0.000149 0.000078 0.000017 0.000036 0.000012

MOTIF 25-NNKITAWNWSKSF STREME-2
letter-probability matrix: alength= 20 w= 13 nsites= 154 E= 3.8e-004
 0.079685 0.000002 0.072421 0.072475 0.000043 0.000013 0.079651 0.101420 0.072484 0.000095 0.000031 0.347596 0.000018 0.029003 0.094129 0.043567 0.000070 0.007255 0.000033 0.000011
 0.000058 0.000002 0.000033 0.000087 0.000043 0.000013 0.000024 0.007316 0.000096 0.000095 0.000031 0.470655 0.238899 0.000048 0.028979 0.159387 0.094175 0.000016 0.000033 0.000011
 0.000058 0.000002 0.007272 0.123147 0.000043 0.000013 0.000024 0.000077 0.514051 0.014572 0.028986 0.000133 0.094123 0.202734 0.000024 0.000134 0.014548 0.000016 0.000033 0.000011
 0.057968 0.000002 0.000033 0.000087 0.000043 0.000013 0.000024 0.912167 0.000096 0.000095 0.007269 0.000133 0.000018 0.000048 0.000024 0.000134 0.007309 0.000016 0.000033 0.014488
 0.000058 0.000002 0.000033 0.000087 0.000043 0.000013 0.000024 0.007316 0.000096 0.072483 0.000031 0.021849 0.000018 0.000048 0.000024 0.007372 0.890444 0.000016 0.000033 0.000011
 0.955581 0.000002 0.021750 0.000087 0.000043 0.007251 0.000024 0.000077 0.000096 0.000095 0.000031 0.000133 0.000018 0.000048 0.000024 0.000134 0.007309 0.007255 0.000033 0.000011
 0.000058 0.000002 0.000033 0.000087 0.000043 0.000013 0.000024 0.000077 0.000096 0.000095 0.000031 0.000133 0.000018 0.000048 0.000024 0.000134 0.000070 0.000016 0.998988 0.000011
 0.000058 0.000002 0.000033 0.000087 0.000043 0.007251 0.000024 0.000077 0.007335 0.000095 0.000031 0.912223 0.000018 0.000048 0.000024 0.072522 0.000070 0.000016 0.000033 0.000011
 0.000058 0.000002 0.000033 0.000087 0.000043 0.000013 0.000024 0.000077 0.000096 0.000095 0.000031 0.000133 0.000018 0.000048 0.000024 0.000134 0.000070 0.000016 0.998988 0.000011
 0.000058 0.000002 0.000033 0.000087 0.000043 0.000013 0.000024 0.007316 0.000096 0.000095 0.000031 0.007372 0.000018 0.000048 0.000024 0.948418 0.036264 0.000016 0.000033 0.000011
 0.000058 0.000002 0.000033 0.000087 0.014521 0.000013 0.000024 0.000077 0.789126 0.000095 0.000031 0.000133 0.000018 0.000048 0.195472 0.000134 0.000070 0.000016 0.000033 0.000011
 0.014536 0.000002 0.000033 0.000087 0.000043 0.057923 0.000024 0.000077 0.021812 0.000095 0.000031 0.007372 0.000018 0.000048 0.036218 0.861552 0.000070 0.000016 0.000033 0.000011
 0.007297 0.000002 0.000033 0.000087 0.970043 0.000013 0.000024 0.000077 0.000096 0.014572 0.000031 0.007372 0.000018 0.000048 0.000024 0.000134 0.000070 0.000016 0.000033 0.000011

MOTIF 26-GDGAHAASLIWPWPL STREME-4
letter-probability matrix: alength= 20 w= 15 nsites= 59 E= 2.3e-001
 0.016000 0.000217 0.003095 0.005518 0.000577 0.914993 0.002256 0.002400 0.000145 0.005806 0.001633 0.001081 0.010436 0.002712 0.008276 0.006765 0.007557 0.007892 0.002592 0.000049
 0.016000 0.000217 0.912186 0.005518 0.000577 0.005902 0.002256 0.002400 0.000145 0.005806 0.001633 0.001081 0.010436 0.002712 0.008276 0.006765 0.007557 0.007892 0.002592 0.000049
 0.016000 0.000217 0.003095 0.005518 0.000577 0.914993 0.002256 0.002400 0.000145 0.005806 0.001633 0.001081 0.010436 0.002712 0.008276 0.006765 0.007557 0.007892 0.002592 0.000049
 0.925090 0.000217 0.003095 0.005518 0.000577 0.005902 0.002256 0.002400 0.000145 0.005806 0.001633 0.001081 0.010436 0.002712 0.008276 0.006765 0.007557 0.007892 0.002592 0.000049
 0.016000 0.000217 0.003095 0.005518 0.000577 0.005902 0.911347 0.002400 0.000145 0.005806 0.001633 0.001081 0.010436 0.002712 0.008276 0.006765 0.007557 0.007892 0.002592 0.000049
 0.925090 0.000217 0.003095 0.005518 0.000577 0.005902 0.002256 0.002400 0.000145 0.005806 0.001633 0.001081 0.010436 0.002712 0.008276 0.006765 0.007557 0.007892 0.002592 0.000049
 0.925090 0.000217 0.003095 0.005518 0.000577 0.005902 0.002256 0.002400 0.000145 0.005806 0.001633 0.001081 0.010436 0.002712 0.008276 0.006765 0.007557 0.007892 0.002592 0.000049
 0.016000 0.000217 0.003095 0.005518 0.000577 0.005902 0.002256 0.002400 0.000145 0.005806 0.001633 0.001081 0.010436 0.002712 0.008276 0.915856 0.007557 0.007892 0.002592 0.000049
 0.016000 0.000217 0.003095 0.005518 0.000577 0.005902 0.002256 0.002400 0.000145 0.914897 0.001633 0.001081 0.010436 0.002712 0.008276 0.006765 0.007557 0.007892 0.002592 0.000049
 0.016000 0.000217 0.003095 0.005518 0.000577 0.005902 0.002256 0.911491 0.000145 0.005806 0.001633 0.001081 0.010436 0.002712 0.008276 0.006765 0.007557 0.007892 0.002592 0.000049
 0.016000 0.000217 0.003095 0.005518 0.000577 0.005902 0.002256 0.002400 0.000145 0.005806 0.001633 0.001081 0.010436 0.002712 0.008276 0.006765 0.007557 0.007892 0.911683 0.000049
 0.016000 0.000217 0.003095 0.005518 0.000577 0.005902 0.002256 0.002400 0.000145 0.005806 0.001633 0.001081 0.919527 0.002712 0.008276 0.006765 0.007557 0.007892 0.002592 0.000049
 0.016000 0.000217 0.003095 0.005518 0.000577 0.005902 0.002256 0.002400 0.000145 0.005806 0.001633 0.001081 0.010436 0.002712 0.008276 0.006765 0.007557 0.007892 0.911683 0.000049
 0.016000 0.000217 0.003095 0.005518 0.000577 0.005902 0.002256 0.002400 0.000145 0.005806 0.001633 0.001081 0.919527 0.002712 0.008276 0.006765 0.007557 0.007892 0.002592 0.000049
 0.016000 0.000217 0.003095 0.005518 0.000577 0.005902 0.002256 0.002400 0.000145 0.914897 0.001633 0.001081 0.010436 0.002712 0.008276 0.006765 0.007557 0.007892 0.002592 0.000049

MOTIF 27-SAAYBKADQFLLA STREME-3
letter-probability matrix: alength= 20 w= 13 nsites= 35 S= 8.9e-021
 0.274098 0.000066 0.000267 0.000209 0.000154 0.000324 0.000027 0.000341 0.000586 0.000372 0.033756 0.000315 0.033757 0.000180 0.000135 0.621114 0.000224 0.033938 0.000000 0.000138
 0.587455 0.000066 0.000267 0.000209 0.000154 0.000324 0.000027 0.000341 0.000586 0.000372 0.000104 0.000315 0.000106 0.000180 0.000135 0.307756 0.000224 0.101240 0.000000 0.000138
 0.995652 0.000066 0.000267 0.000209 0.000154 0.000324 0.000027 0.000341 0.000586 0.000372 0.000104 0.000315 0.000106 0.000180 0.000135 0.000514 0.000224 0.000286 0.000000 0.000138
 0.000506 0.000066 0.000267 0.000209 0.000154 0.000324 0.000027 0.000341 0.000586 0.000372 0.000104 0.000315 0.000106 0.000180 0.000135 0.000514 0.000224 0.000286 0.000000 0.995284
 0.000506 0.000066 0.476475 0.000209 0.000154 0.000324 0.000027 0.000341 0.000586 0.000372 0.000104 0.416141 0.000106 0.000180 0.000135 0.103625 0.000224 0.000286 0.000000 0.000138
 0.000506 0.000066 0.000267 0.000209 0.000154 0.000324 0.000027 0.000341 0.613556 0.000372 0.000104 0.000315 0.000106 0.000180 0.382310 0.000514 0.000224 0.000286 0.000000 0.000138
 0.281728 0.000066 0.000267 0.000209 0.033805 0.000324 0.206316 0.134946 0.000586 0.000372 0.000104 0.000315 0.000106 0.000180 0.000135 0.000514 0.101177 0.135600 0.000000 0.103250
 0.000506 0.000066 0.995413 0.000209 0.000154 0.000324 0.000027 0.000341 0.000586 0.000372 0.000104 0.000315 0.000106 0.000180 0.000135 0.000514 0.000224 0.000286 0.000000 0.000138
 0.000506 0.000066 0.000267 0.000209 0.000154 0.000324 0.000027 0.000341 0.000586 0.000372 0.000104 0.000315 0.136869 0.584971 0.000135 0.000514 0.273815 0.000286 0.000000 0.000138
 0.000506 0.000066 0.000267 0.000209 0.995299 0.000324 0.000027 0.000341 0.000586 0.000372 0.000104 0.000315 0.000106 0.000180 0.000135 0.000514 0.000224 0.000286 0.000000 0.000138
 0.000506 0.000066 0.000267 0.000209 0.000154 0.000324 0.000027 0.000341 0.000586 0.995517 0.000104 0.000315 0.000106 0.000180 0.000135 0.000514 0.000224 0.000286 0.000000 0.000138
 0.000506 0.000066 0.000267 0.000209 0.000154 0.000324 0.000027 0.000341 0.034237 0.348895 0.000104 0.000315 0.000106 0.273772 0.339513 0.000514 0.000224 0.000286 0.000000 0.000138
 0.825238 0.000066 0.000267 0.000209 0.000154 0.000324 0.000027 0.000341 0.000586 0.000372 0.000104 0.000315 0.000106 0.000180 0.000135 0.000514 0.000224 0.170700 0.000000 0.000138

********************************************************************************
Stopped because maximum number of motifs (5) reached.
********************************************************************************
COMMAND:	streme --verbosity 1 --oc . --protein --totallength 4000000 --time 14400 --minw 5 --maxw 15 --thresh 0.05 --align center --dfile description --p p10_fasta.txt
********************************************************************************
CPU:		noble-meme.grid.gs.washington.edu
********************************************************************************
FINALTIME:	0.87 seconds
********************************************************************************
